request_phase,extraction_case_id,gabriel_request_id,gabriel_backend,gabriel_model,request_status,schema_valid,prompt_sha256,prompt_chars,input_page_count,input_text_chars,input_image_count,input_image_bytes,raw_prompt_saved,raw_response_saved,encoded_image_saved,response_sha256,response_chars,input_tokens,output_tokens,total_tokens,elapsed_seconds,error_type,error_message,credential_value_saved,authorization_header_saved
preflight_1000_quantitative_base_wage,cex1000_a1d9a51edbd3611bbd6db0fa,resp_053b3ae7626e3337006a6548aa33f48193904d90506e0de561,huit_openai_responses_direct_sdk,gpt-5.4-nano,success,true,90a934e373e33292d83a1a8a55b7dde468e67159785ddcbbc201a60a206155a0,8198,4,4372,0,0,false,false,false,8006aa92c65083a0f376f363479f6614951ea11baa051b179c897ea0a4dc6713,2550,3806,891,4697,7.064056,,,false,false
preflight_1000_qualitative_mechanism,cex1000_33c44824f357c9463855503a,resp_0b666c78983e3882006a6548b0e100819091658d0233648fbe,huit_openai_responses_direct_sdk,gpt-5.4-nano,success,true,f1a96e18dc81eb4366626dd2752159c578aec7198f89232863597f5bd35d3395,10330,6,5999,0,0,false,false,false,3504b8e39bbaa76ed72cd80362648c0725a8dae9f5e47dab8c5f77df4103e9c7,1081,3216,698,3914,12.047378,,,false,false
preflight_1000_mixed_quant_qual,cex1000_c58de708dde4fd15a33552c0,resp_09246d42c52a5807006a6548b611c08197b70de380c9882d6a,huit_openai_responses_direct_sdk,gpt-5.4-nano,success,true,d7ea08f4f19c6c54078d68ebfc85b279a09eede3f875ddcd4e84235819a65345,10332,6,5999,0,0,false,false,false,06906cba7845966c8dd1884a20a48ac22651d6cc1c05152c1333409e41ff6506,6718,3679,2421,6100,28.150023,,,false,false
preflight_1000_non_base_wage,cex1000_f5c9ee9a20150452392fef15,resp_0c5a822503c19e7c006a6548c63dcc8195aabf2b51e246d88b,huit_openai_responses_direct_sdk,gpt-5.4-nano,success,true,1a4c6449a4d39e3fe49aa37c9f117b35cd41f428bdedd34c3dee53bc4491d7e2,10352,6,5998,0,0,false,false,false,a542f3f5552f0ac6308682f14a6482e0be134128df81ed385ca8950f66b75254,4348,3596,1795,5391,41.855026,,,false,false
preflight_1000_reference_exclusion,cex1000_c2fd75f0f2204f109d4ee4f5,resp_0cdab46693620db9006a6548d3e37c8194a16aa222b83de292,huit_openai_responses_direct_sdk,gpt-5.4-nano,success,true,0edff8cd5f349d5c85db0d61ae92cc3648eefaf565d4ce023b5fd692a79cd825,3309,1,164,1,34138,false,false,false,291fb49a8b0d922132dc580cdc9212203ff8a3cdbd6a296f888233ab1bd4978e,394,2937,160,3097,43.938456,,,false,false
preflight_1000_effective_date_or_classification_conflict,cex1000_a2a4a753588b930fb86f0d3d,resp_0d8120ada1ddef4e006a6548d5f0d48195a93cf28aa3f94a60,huit_openai_responses_direct_sdk,gpt-5.4-nano,success,true,e2ef5a4a132f3c86328069c1dcd5178b3e913179e5c27e757bc1f379ad1eb8fd,10589,6,5994,0,0,false,false,false,3f5ba380b2de799635292d3466dfdf49d7577c167e4a2180e10718c94c33b745,2678,3473,963,4436,50.986290,,,false,false
live_1000,cex1000_4040fd998fa910c90e96a7b0,resp_00e2daf5f7fea5b8006a653ec280388197b9eae456a91f46ca,huit_openai_responses_direct_sdk,gpt-5.4-nano,success,true,f717d7460832982b58093ef25f288d232420ccef5c1c8ba57b5b8e538f5cd08d,9731,6,5998,0,0,false,false,false,3d7cd6345050a5338313354474479c4cf6c3face6289a70819a87fe223812150,3864,2963,1444,4407,11.297980,,,false,false
live_1000,cex1000_cee7f90a88d41a5c0cf72655,resp_0e9bc9582e273484006a653ec273148197bc402ec50441a818,huit_openai_responses_direct_sdk,gpt-5.4-nano,success,true,e0260ce64557c2dc81b046e698ae9bfaeac1547edce88e7dfbe51c843c4649aa,9766,6,5995,0,0,false,false,false,42b4b2975d886bcf7485ddbf2533e66f3ef7d2cf4f8d8d1e6cb465b859e391ae,516,2693,347,3040,3.509805,,,false,false
live_1000,cex1000_9dde3d6252346051f1d5dbb8,resp_0d8bf6f545fabb61006a653ec5eae48197a77013d28ae514db,huit_openai_responses_direct_sdk,gpt-5.4-nano,success,true,7725f7981e53b3004db378ea78d6451422d9e2ee2e92a2940bdfa08eb3a256e3,9614,6,5998,0,0,false,false,false,782089d8f4ec8c147d22e321c5453d3ae4fbd310058f2b8c4d48827cebf4da2c,3647,3013,1046,4059,11.441561,,,false,false
live_1000,cex1000_0b3dd477daa190dfa2f465a5,resp_06e12aff109d75e3006a653ecd84e081938a26da7651d73417,huit_openai_responses_direct_sdk,gpt-5.4-nano,success,true,601118dc60bacc6b0c9a2c5739455b534ba888dfe12afbc461cc4c545e8af75a,16281,6,5994,0,0,false,false,false,5ed78e5cf57c8842f7de945675cd08bfa93785444289ae516e4dae207ce51677,3025,6968,864,7832,17.748235,,,false,false
live_1000,cex1000_d49785a1e8b0754074687e97,resp_0e1f07b6873ccd48006a653ecdd61081968cd124f3bb200e02,huit_openai_responses_direct_sdk,gpt-5.4-nano,success,true,88a660c7736123906bcdf1183f3bd123f0b230c2ffc7cdb8c48dbbea2dd8f71a,9619,6,5994,0,0,false,false,false,9399570befdf7f5d714112600f2ed7bd3e3ea5ac5b49b36b56c58a0e67b6d896,2316,2710,748,3458,17.590473,,,false,false
live_1000,cex1000_91c35bb9f1f4e143c0832b43,resp_07ae90040b4da3ec006a653ed3f75081908e7eec65a5c4d70d,huit_openai_responses_direct_sdk,gpt-5.4-nano,success,true,c4deb9e8da5f9b0d68196c9ea95ffc5075cbce9db38ae9bc78d32709006e979c,9707,6,5996,0,0,false,false,false,198efdd52dde0d8311e75b5d179c3109408aaa39e85d53a72f9772680d217a0a,1517,3043,526,3569,22.194725,,,false,false
live_1000,cex1000_c22e0ed75abf7e25e79dc42f,resp_091e8ca06d848fd1006a653ed430cc8194aab6cfb6ffc57677,huit_openai_responses_direct_sdk,gpt-5.4-nano,success,true,927ab77c1e4df7963f95f22b9948132acbcb3e5a067670d2f9a14b1d9f232040,9691,6,5998,0,0,false,false,false,864005ce25acfec3e3550685d38742d644593ee22f2cf64aa4e889e9b1178ce0,3213,3123,1025,4148,26.082888,,,false,false
live_1000,cex1000_1f775de8bfc6ce16c76f0429,resp_0ccf13a6bfc6b1c7006a653ed899d88195b3ff713a8276ab7b,huit_openai_responses_direct_sdk,gpt-5.4-nano,success,true,6fdaa25f0b27f3b3433bc4b5b025f745b9a123792d7ec0f40990bed904bd130b,9640,6,5997,0,0,false,false,false,f2d35203873d5e31e3fbe8925824ada81f2594132f9c7b4cb948a99261573341,2293,2751,914,3665,28.929029,,,false,false
live_1000,cex1000_a4ae8fa6bb20888bad15883d,resp_0e06cb1872a79007006a653edc87bc81908dbe7e2ed744d70c,huit_openai_responses_direct_sdk,gpt-5.4-nano,success,true,a0169d59bc32b76091234ed2b99f993b97c6a80ee8cfffe4dff3201876b72908,9609,6,5998,0,0,false,false,false,201f8a34029ce314fbae17dadb7830a82986d936c06b1eb802815cb086bd0d65,2746,2812,886,3698,32.549100,,,false,false
live_1000,cex1000_7da9e33183e8248b80b73f66,resp_00673de4660eb4d7006a653edf4f248196bf7eb885b4370ac2,huit_openai_responses_direct_sdk,gpt-5.4-nano,success,true,4a28a63e2a5020f5be03c98ad2416aba088fd016e5b39d5f5dc7327104391647,9636,6,5997,0,0,false,false,false,d6e90847f4858f23e6915fb4dc8b893b917d1be4f65965e09078347be90857b5,2023,2954,707,3661,34.380991,,,false,false
live_1000,cex1000_7813100cc7a45785a490f6b9,resp_0c50cca1be776689006a653ee2f58c8194996c69114150e97a,huit_openai_responses_direct_sdk,gpt-5.4-nano,success,true,920217d67b3f1830cc47a3ed3208a965f18da2a48be9af69ca6e4ec2b0a9d48c,9618,6,5988,0,0,false,false,false,3bfcc7dfe89bd2220fcc4544a214fc4cd898727570281dfff93e44ae0ad16dc0,525,2921,287,3208,35.036118,,,false,false
live_1000,cex1000_ab8301515bbc2e8fba0d8807,resp_0374cf9082353b0f006a653ee4c51c8196811215b01c3b4c1f,huit_openai_responses_direct_sdk,gpt-5.4-nano,success,true,46afcd7c5226195ed99fba3580e2d9fd706e3546d51bb3b960026fa283f38683,9857,6,5999,0,0,false,false,false,4f8b7875c8c44e28bb09cca43df3eb5ff5ae51e1c18926538881bc06c6f2e52a,3366,2926,1069,3995,41.134985,,,false,false
live_1000,cex1000_00a02e8af692505a179b550e,resp_095e642ff5e95cb6006a653ee56eb481949a88f33389d26a12,huit_openai_responses_direct_sdk,gpt-5.4-nano,success,true,2783cff872bd1dd8e3cae445a47455f3baee3d2a4f0d0281bdab4853ecde6e26,9823,6,5998,0,0,false,false,false,2a6442ebde58c5fe7a70cf123b45feda9fb3f8a29938be155cba4bc029686cec,2533,2894,1124,4018,43.772895,,,false,false
live_1000,cex1000_d0cf4b66da08568c56971806,resp_033547a9471f82b7006a653eeb8fe88197a1f8354f55729544,huit_openai_responses_direct_sdk,gpt-5.4-nano,success,true,cb30c126aaf14ddbeac67aed7b151b372c11e983956b97aeb02191b377d8fe93,9684,6,5994,0,0,false,false,false,802084ddcf25102bb638c706dba695c9efdfac46d57505078e22336924bb6213,3350,3422,1211,4633,48.918319,,,false,false
live_1000,cex1000_f5c9ee9a20150452392fef15,resp_0c951ed97429e627006a653eee370c81909a7536ec4540573a,huit_openai_responses_direct_sdk,gpt-5.4-nano,success,true,7ae92dc76a8174d2bac1f9944a4567129a00c2b61a0561ab622194a0bbc58bdd,9663,6,5998,0,0,false,false,false,02f0efa3d54bb4d32e96932f4b11431ece8a08026b58f985eb8bafb517bed9d5,4493,3470,1816,5286,55.061367,,,false,false
live_1000,cex1000_9c51085648e831dc1b96c60b,resp_04117ad040bc30d5006a653ef35a148194898152155183df0b,huit_openai_responses_direct_sdk,gpt-5.4-nano,success,true,917504b95c3db5e29be5f5ed5ce521803dd2afd7e465ac237cee54ce2ee5fba8,9662,6,5996,0,0,false,false,false,d1fafaa8840ba1506705cdc88820b754f2f736d0a268ea7468c0d099c2b258fc,7805,3091,2397,5488,63.711891,,,false,false
live_1000,cex1000_f3d27d2312ffef173b9f1168,resp_0d99e88718986a9c006a653ef97d408194acb4facba286b466,huit_openai_responses_direct_sdk,gpt-5.4-nano,success,true,2613b100bda9c742753406bc412687a67d2a5b599568c9e1b3c09c96444ba86f,9722,6,5998,0,0,false,false,false,e0b3b7b6e3e4d3747592c320ae669f46822bb7b220c155cd9cbef9d81a30f0ec,3460,3166,1255,4421,63.359711,,,false,false
live_1000,cex1000_f1be36d33fcf1c3839e8a97b,resp_05d6f64ead710fb9006a653f01c9b48194aa81fa8039cde263,huit_openai_responses_direct_sdk,gpt-5.4-nano,success,true,d46eea32eaac1af7a3e83844cd206231955d979af09d99660a85c2e910ddf7f0,9899,6,5999,0,0,false,false,false,547605d617db2231e7b31ce67dd9b9865d57ee0f6ea308b38aaab54c4e8746e2,5301,3249,1708,4957,74.031709,,,false,false
live_1000,cex1000_5c1acdac8df4f58fa551f51e,resp_0b4059b39202b3fb006a653f0229688197a29e88552a0d357b,huit_openai_responses_direct_sdk,gpt-5.4-nano,success,true,b6ae96830d7f2688d514065cf47a9125a18eb3085d70613e0243f4f01f8c6272,9660,6,5999,0,0,false,false,false,8ce2219edf2d18964d66e388000cda096e9e13c477b9a5ab2e89938e563b993f,2707,3144,883,4027,69.591097,,,false,false
live_1000,cex1000_66fd40504285e5df2ac22a86,resp_077b69476edd1d2c006a653f0805d481969c33661ab3c226c3,huit_openai_responses_direct_sdk,gpt-5.4-nano,success,true,48d8b4ca4bf627c0da275b59f8de166b74ddb3d70999487c2fb812fbccdeac4d,9740,6,5996,0,0,false,false,false,8c0dd17f579167e5845621680f0e9a96510e46dea8ff7e481a9579fe15d4cc7e,5103,3574,2076,5650,83.937980,,,false,false
live_1000,cex1000_07dbe36f564cf001de45f1a7,resp_0097dd9aec765390006a653f0c7f0c8193bd6b0edf97e54741,huit_openai_responses_direct_sdk,gpt-5.4-nano,success,true,6f17a9acd081548167d0d54600961bed826cf0e582ec1b4c91229f0ef4b8be3d,9616,6,5996,0,0,false,false,false,83a487fb381a8c97a09ae3745c16d4ad2209fe0bfedf8d206f3a41c6571e2a06,3540,3013,1232,4245,81.889523,,,false,false
live_1000,cex1000_9e420138d824055aadda7c19,resp_02d2f099bea00763006a653f144d8881948157fec0514530a7,huit_openai_responses_direct_sdk,gpt-5.4-nano,success,true,c25e9fe88eea72736fbe73aee3ca2c6b630091edc1443c4cc1dd7716bbab65f1,8756,6,5070,0,0,false,false,false,b299beb29d57b78b7b5e4389dd181f23364ffa40dfd8567d0706c401b07c6a13,2633,3103,798,3901,87.427948,,,false,false
live_1000,cex1000_04f7742b28b0ac09d0d450a1,resp_092dd2e78e905242006a653f16649081949ab217c2c21076a8,huit_openai_responses_direct_sdk,gpt-5.4-nano,success,true,6a39d7265c431c28867845e151a1d018982c2f06e5d9b328faa9066affcf0f5c,9634,6,5960,0,0,false,false,false,36e72c0bee56089a6d3d379c77805899feddfcaecdfc5c907162278b11faf795,3002,3304,925,4229,90.155667,,,false,false
live_1000,cex1000_81fc99519469e6b7197edfd5,resp_060bec7c3e8961be006a653f19d7b08194b62e74a05c25d484,huit_openai_responses_direct_sdk,gpt-5.4-nano,success,true,51f1ce6de33e32b24ac1b04140a0c89eedfd80dbb210ec2767ebd411533282c4,9703,6,5987,0,0,false,false,false,3ba9f19ec28d1d68fe47eef77d4d46389678e47912ae9c527074bdad7df0a47f,2690,3435,1017,4452,93.958018,,,false,false
live_1000,cex1000_ffa59ff33c99c839d59a7c9c,resp_0ca12572b3f3ac2b006a653f1c8e808190a7fd25a8a72331c5,huit_openai_responses_direct_sdk,gpt-5.4-nano,success,true,d4b22e7e636dc5682fa5a42c0ef9c216247f7767c78894f91e7bffc5e85616f0,9598,6,5994,0,0,false,false,false,8c1103ee2319b5353b99d4f5fa646e2350191d91699fb911bb0b3a0a719634a3,1015,2717,433,3150,93.462477,,,false,false
live_1000,cex1000_7b9d3972a0a3ef7bc1c17327,resp_04bfabf4c15ca33f006a653f206f7c8190a10e5120ee804322,huit_openai_responses_direct_sdk,gpt-5.4-nano,schema_invalid,false,f8a6e16d0bdf485288c7e3b605b3a09751c69df3f707d4eb8373db7eef46ab81,9689,6,5998,0,0,false,false,false,4cf27821cc2ed8f0fd2a89e185a024cd9c29b3be9ed4435b700457ecf821b32a,4673,3016,1498,4514,12.465264,ValueError,non-base compensation is in quantitative array,false,false
live_1000,cex1000_c9936a8b0375adae050e6d6a,resp_039c6a42ba395bcd006a653f206df0819682aa6b65659aa059,huit_openai_responses_direct_sdk,gpt-5.4-nano,success,true,4b6dbb6924f5f8a1aab964436b1b35343a32a54f3f902768dd79356cc45e7adc,12373,6,5992,0,0,false,false,false,a9c83e2b47ae5707f59295dd3d262b0a3e97436caca15aff79e47c6454d7fb58,2978,4644,1022,5666,6.845403,,,false,false
live_1000,cex1000_112f0dde9973512693b27c40,resp_0ed2ea364577dbe4006a653f2738048196af35393f0f9c4e0d,huit_openai_responses_direct_sdk,gpt-5.4-nano,success,true,9a7a4c4800dd58aef628a44424dd1ca89217039e5f65f0be6dc9cb0978a1aae7,9653,6,5999,0,0,false,false,false,f076df517f064f7259eac5eef490bba4145facdbaeb10f340a06e31fd09f6bf3,4274,2805,1376,4181,16.153920,,,false,false
live_1000,cex1000_2139099a94743615c84f3e5e,resp_0493dc29bed35ed5006a653f2cd6688196ba672af8b6b50f22,huit_openai_responses_direct_sdk,gpt-5.4-nano,success,true,9c25d95c2d64907995e3b9a1eb35aeef6a504313f4c66a0c76b77a70d83f6986,9694,6,5994,0,0,false,false,false,0a717069d9d6754ca08c5876526f89126ca3393065690132e3cd92f61a2722f8,8428,3208,2636,5844,28.726352,,,false,false
live_1000,cex1000_e1473f459a201cc031effd1b,resp_0f86bc391726228e006a653f308ac88195942b6866484c411f,huit_openai_responses_direct_sdk,gpt-5.4-nano,success,true,f7e4a6293f3faee1cc150f40eb0105691152ae2cc7d81ed04e7d0e010dc28e86,9744,6,5996,0,0,false,false,false,25ea21dc861768c09baeab3464eefbc812c7da639480ff5415bf8f50fe7ef4e6,4521,3239,1508,4747,25.883263,,,false,false
live_1000,cex1000_c22b1afeb74298f967b7d048,resp_073f9524e133a2e0006a653f3a3f7081959f8bd57b8cadafc5,huit_openai_responses_direct_sdk,gpt-5.4-nano,success,true,d52073cb8e555e3336d6ea13ea328fe5f869f4475d792137069fd532ce2eda8d,9635,6,5997,0,0,false,false,false,bf65930db79e253b8e51901c4fc918e726c36210e4bbbb02682b8dfe7a151f5f,3517,3071,1077,4148,32.843057,,,false,false
live_1000,cex1000_7a8a6ea7762114be04f550f8,resp_0496e682d9ce0926006a653f3d17988194a53ca1208d59a72c,huit_openai_responses_direct_sdk,gpt-5.4-nano,success,true,28b21523e066d0a30cf74b010a341d48319f1d6a265e5f398d46184980d77e17,9609,6,5996,0,0,false,false,false,e909a95e49018ac83e691605b13e9d38f1b36ad630e50f107513f852f76d9a94,4082,2902,1547,4449,38.186000,,,false,false
live_1000,cex1000_5e1722f1b3525390fac093e2,resp_0e90add98138aad1006a653f4135bc8190ae3c31a82ffb947e,huit_openai_responses_direct_sdk,gpt-5.4-nano,success,true,929bb2b34049dbd09b38fc5da8a198c4cc9c762f8c133b4da18fc10241cee2db,9610,6,5999,0,0,false,false,false,81c38abae54abfaec68429e3c19f8c89780019d7783542b676a4e1881878c9e7,3127,2859,1191,4050,40.652520,,,false,false
live_1000,cex1000_6769bc0ac381397f00fcf33c,resp_0d798bdbb674f705006a653f468bf48193ae4bdbb998ba5f49,huit_openai_responses_direct_sdk,gpt-5.4-nano,success,true,e17dc418570def8b6d6ccc644defb8bbe2e2a74b2a72161378f33dff8f5f480d,9650,6,5993,0,0,false,false,false,cadb72659d853238472fbd1484c9c961480f0b4ef69b175e2d0c84555d561a57,2308,3117,682,3799,42.828943,,,false,false
live_1000,cex1000_1f246119680dcc27599bec04,resp_0dc3a164c383e2f1006a653f4909d08193880c1de0bbd318db,huit_openai_responses_direct_sdk,gpt-5.4-nano,success,true,979ceb104898108e8cf35b35823435521b059d4a832e0845588ec73539bdfc0b,9690,6,5995,0,0,false,false,false,0d2fda002797cbd1ccb985b5d86090b7d30ee538da1d7b7b4bbf9d94dbc8e199,3156,3066,1226,4292,50.176816,,,false,false
live_1000,cex1000_4c4974544ece48d95021df22,resp_00dfb6bde1ed3c33006a653f4b30f081958c5f05e7401c07d7,huit_openai_responses_direct_sdk,gpt-5.4-nano,success,true,600e10063a7ec2846c38dd8222fbe89d6e765a9bec2b1626a469bd03a0a7f955,9698,6,5996,0,0,false,false,false,52d30b0d44440417b312f0abaf5f533c475a77672eab4b13fe2d9402f42cd860,2466,3071,809,3880,48.558589,,,false,false
live_1000,cex1000_f3ec845e3ae93109a5e7df4d,resp_07c0cbfa0432a85c006a653f50eca88195abc7595c8aaf75ab,huit_openai_responses_direct_sdk,gpt-5.4-nano,success,true,4176a78b78403445aa1f8b29395e9a5d81ef8a0eeffad81f5c82c265693f15a5,9656,6,5996,0,0,false,false,false,ddd9fc805c925c6e0a67e76fca190881dae0f1201026c6b65a7aa1593edb4cc9,988,3320,466,3786,52.322985,,,false,false
live_1000,cex1000_81d32ddd9323d4b94b8ed2a2,resp_01554ae268b1f4ad006a653f5288548193b6eccc25f303f36b,huit_openai_responses_direct_sdk,gpt-5.4-nano,success,true,8436b6113ef6355ba132acf4e5b9dbd93c96e30272389b31d5104a083b956cf0,9618,6,5998,0,0,false,false,false,e5e624c7514419f994bca356850c72be5cf44eb8b6aa72d1ee0431c9ad3c76db,4892,3035,1615,4650,60.429886,,,false,false
live_1000,cex1000_fca5d19d4cc50bf5951e9f6c,resp_0377be99f9aa21f3006a653f54b03481968a044fd9f5ce5a5e,huit_openai_responses_direct_sdk,gpt-5.4-nano,success,true,7701b3e22cfddfff54c799f4aef00f566f3db1b8098583f5a73ad64dc6a686aa,9784,6,5999,0,0,false,false,false,97fc11a1db8c7ae6da4cea522deda8d440fff5f433c5987b59367d39d091bf09,2951,2907,1281,4188,60.476845,,,false,false
live_1000,cex1000_9fe447b67cb5179ad7f046e2,resp_0d976eb3a7811aa2006a653f5ccff48197b2d94031d9bffa65,huit_openai_responses_direct_sdk,gpt-5.4-nano,success,true,da0e90198958097bfed5d307d8ea6d908e035ac30b7ff4b1a290a604ef5e16b7,9606,6,5998,0,0,false,false,false,d364230c338221e1afa9e76df2fee917ba030e252643287b0f4a4ffb5f5b4494,3634,2770,1159,3929,68.233234,,,false,false
live_1000,cex1000_3a5823a606b4490d894e2541,resp_06d847a085c99a3e006a653f5cda8481939d10322dd2d78fb2,huit_openai_responses_direct_sdk,gpt-5.4-nano,success,true,f5d956182723fda46a32d713e9022e2476b48f8260ab9c4fb393b779d543865f,11222,6,5996,0,0,false,false,false,ebe253acd0c186f2ad6f2ac151232d279877143ac89257dd52444e6ba2e15d08,2685,3853,855,4708,67.291797,,,false,false
live_1000,cex1000_9ab984c44270682b5b30e983,resp_03805e4585d72354006a653f63aba88190ab6811293c493d10,huit_openai_responses_direct_sdk,gpt-5.4-nano,success,true,ed395f74bb35f8d36bed1c3e4921af705863cb6b4736731589f242f6db2a3b8d,5983,4,2831,0,0,false,false,false,3545774f3e3c4f2fe43e3bdf24015cd3d7ca9f3eb2e7aaefff6329942cc3d8da,1220,2132,399,2531,70.495618,,,false,false
live_1000,cex1000_a042153bd5db1b40e5bdfb1c,resp_09be764f06209041006a653f649b9481909bd4022adbef2a85,huit_openai_responses_direct_sdk,gpt-5.4-nano,success,true,fc1e0246b5b3cd4e3daff73a94f929cb6fd0cb7f452eaa466043d0bfa7da9b65,9637,6,5990,0,0,false,false,false,2db5faba9e2118b4a40e17998dc11d248606334472e6c5f544b5f74814175d13,3051,2983,991,3974,74.856800,,,false,false
live_1000,cex1000_875fd219232b9380546d3864,resp_00d15872f2e56766006a653f66dc788194b504dab28e23df4b,huit_openai_responses_direct_sdk,gpt-5.4-nano,success,true,860680585cf05cf8726db4f4757a23427b0f72f3d1a48b10359fce765b8b2337,9591,6,5999,0,0,false,false,false,b88f75721022ef11747caf8f20239358221a2db808fd007c4a867251bae79519,2724,3053,938,3991,77.005984,,,false,false
live_1000,cex1000_60a9d5f772fa1c9d45404148,resp_01950f9b0826d440006a653f6b3abc8196b12a0130a1e20d2f,huit_openai_responses_direct_sdk,gpt-5.4-nano,success,true,4f23f655ed6e5f15c7c7086130e4185d1d256327a912159322f8a19494d57c66,9621,6,5996,0,0,false,false,false,4dc0a4aa6a438787b5ac1220ea109e5c8b0a4ebfeff03e25c2bf71b486d1adeb,2382,2963,768,3731,80.179127,,,false,false
live_1000,cex1000_cdabe33085b4f593e7d61536,resp_052a33ac73801598006a653f6d60ac8194acc22d8a5eebb50f,huit_openai_responses_direct_sdk,gpt-5.4-nano,success,true,f84961c265670e5ff39ed6bdf5591170bb88635f1660cb77b5833c0f292031cc,9665,6,5999,0,0,false,false,false,7906002578e3bc515dfbd9d5ca4a125bc2b775a61a266844366b934c0104dbf2,1846,3043,546,3589,81.284583,,,false,false
live_1000,cex1000_d1ceb67b1c8248a697f854bd,resp_07af7ad1612b6152006a653f7091188195a158d367b68e4797,huit_openai_responses_direct_sdk,gpt-5.4-nano,success,true,18067e0725373de2c2ef4279965a3e05037a438f52abd974da0aa596516d021e,9651,6,5998,0,0,false,false,false,ee829c22c2a16f19f20f87cb41d912580737c3b6ae076e638e0c691b08aa9eb7,2544,2873,1320,4193,88.488195,,,false,false
live_1000,cex1000_4dcf958b0456ad7f5ae10773,resp_04594caf82f63709006a653f71ad488197b13749ae1b824fe3,huit_openai_responses_direct_sdk,gpt-5.4-nano,success,true,e55e7c237ee99b2de8c0a8a15236ea2e46c0391bed83b7dc34cddeef6fee2456,9741,6,5999,0,0,false,false,false,c7695db296d2181b7e66a609bae685b3b0f82835a5d1b7b8bae63ab5c705937d,3851,2875,1541,4416,90.885076,,,false,false
live_1000,cex1000_a57bc302f654f4003cfa9a71,resp_0691016e05fa39ac006a653f78db688195b31a35f2cffc602c,huit_openai_responses_direct_sdk,gpt-5.4-nano,success,true,314d5cbecbafc7fae2dab8d13475596af12691f6b27e6a375e6fc823f9347476,9636,6,5999,0,0,false,false,false,b280403cf0b453d9c8c7732f29b70bf61e73057a210f387f4f69be5766c809c7,2021,2832,1018,3850,95.090147,,,false,false
live_1000,cex1000_40be950fa0a1abee96242ee5,resp_04b23eebdcfe21fe006a653f7b3f48819481f26c5e84ceedfa,huit_openai_responses_direct_sdk,gpt-5.4-nano,success,true,05789ff7d7df6356e27b60402b22e2cf393bfa889d1c16e85bac26e30eab8558,9671,6,5991,0,0,false,false,false,f1642da32777a1e54c393b5ece1a222b1debb7e5eaa0438a8f622d086d50a1b7,2935,3150,846,3996,96.863995,,,false,false
live_1000,cex1000_c65e3b38c4a2023cae8b4014,resp_076d0400fdbb3c29006a653f814d90819393e04df03275f635,huit_openai_responses_direct_sdk,gpt-5.4-nano,success,true,0c3e1a33d8729db50d3e63bab70fc53d414a38bccf986f9056f2ff4fa70d5d4c,9629,6,5999,0,0,false,false,false,edf3c1dd51e41f51e49f0237e4e2773c7ac05a3e73dd94f1cd4ff94675655ca6,2844,3055,873,3928,5.989096,,,false,false
live_1000,cex1000_c08611b9899fd8bdf1445155,resp_003f2a42dea40f1f006a653f815c5881909b5c06ae61e39b21,huit_openai_responses_direct_sdk,gpt-5.4-nano,success,true,5bedccd436e35f2f98ed03c0efd04f8827cf8114a5bce4cbc80a74bc9b116499,9600,6,5999,0,0,false,false,false,5b9647299d97be8f7a04bf4b61da3ebc5a59b5773102b7026a3d5e1951b86c78,5227,2753,1650,4403,10.481911,,,false,false
live_1000,cex1000_45d6824814a56c7b9dc97156,resp_04e199b5e1689303006a653f8746588195ad9e8e114550d756,huit_openai_responses_direct_sdk,gpt-5.4-nano,success,true,1fa1cb6b8dfdf8422a73815b45d811bce7b5046abbd0c456cd4a2a3238381d19,9633,6,5999,0,0,false,false,false,9a1344e615a34850719c506a4a7d221e52082dcaca7b7a87a47d47bfcf054273,2204,3120,862,3982,11.858699,,,false,false
live_1000,cex1000_dd524ad9b09144b0e4c8be68,resp_0681b29966dbd179006a653f8bba4c8194bc64714b9237a353,huit_openai_responses_direct_sdk,gpt-5.4-nano,success,true,778bcdc37087b0ceb7a75d32e5dfa0c2bc68087248020a752bdcd3980fe4af19,9588,6,5997,0,0,false,false,false,b33638451a6745ed61771b458ede6f68277be24ccef4137c1fda729f31a80ddd,3134,2980,1108,4088,19.208660,,,false,false
live_1000,cex1000_a2a4a753588b930fb86f0d3d,resp_0a2c0b584fdff38a006a653f8d23d48196b22cc05c66ae5b7a,huit_openai_responses_direct_sdk,gpt-5.4-nano,success,true,7e82b3d83cab1ce15025c8f3de6acd872ca0cf81fa26d1b742a9e7bfa185ea05,9900,6,5994,0,0,false,false,false,872e91656ca14c19f1b70aa545f010d4769156deb7bb5e621bec2ada78939e87,2801,3347,1238,4585,20.192521,,,false,false
live_1000,cex1000_3c327aedcc29116db0a07b78,resp_0cfa522cd70edff8006a653f9477308194b8d0b190635e2219,huit_openai_responses_direct_sdk,gpt-5.4-nano,success,true,23a711e0eb5de09c62e8c8a571fd7c816ce14d53375f876c197abad23c9b9e6f,10250,6,5974,0,0,false,false,false,25f7ffe1003fda6e1bfcf110ba7bea2198c768a3cb50f457855e9982da4657df,564,3083,211,3294,21.429374,,,false,false
live_1000,cex1000_a3c108d5e02c16f9793fddce,resp_0c160d623deb3fdc006a653f956e308196ac60d93821666762,huit_openai_responses_direct_sdk,gpt-5.4-nano,success,true,f04c4d869e664b90fd25961363716c343a3c47dd86aa65f06679cf3d94b2a704,9577,6,5995,0,0,false,false,false,97eefabd0bb125d7c9997962e5cf88146f622d12721b236f6b6d238a9e3294c5,4863,3094,1688,4782,30.898027,,,false,false
live_1000,cex1000_0cfa6cc91f45047fc5a9b455,resp_0615342e5bbe16bc006a653f98c2488190b6ab360b37b315a6,huit_openai_responses_direct_sdk,gpt-5.4-nano,success,true,9cb5af81bfd98f2d69a5e8ab480c2f1ede7399f18e29b6a09003af0e8b5ec74b,9643,6,5997,0,0,false,false,false,3d2f22f719024c56d40575cbaa949b4975c49df81ede9780a454bdaecfbb2784,3102,3312,1155,4467,37.881580,,,false,false
live_1000,cex1000_80f7088677adaed28ca7a13a,resp_047e5c84ba6b7ac0006a653fa02ef88193a1ae89012cbe569a,huit_openai_responses_direct_sdk,gpt-5.4-nano,success,true,89a5729b5766fa9beb85d4ab9a2e9f8f41111355abfa06bbcf12f37e4e074c49,9671,6,5996,0,0,false,false,false,c01b0f70dce90689d568179b5f4d8e524fc5fcc1d5d881eb67a2e30ce8e30e77,2332,2896,819,3715,36.560554,,,false,false
live_1000,cex1000_47db2b550289f2bd87650407,resp_0e179792a4150e78006a653fa5d1d88196b36c783c3e8df8c1,huit_openai_responses_direct_sdk,gpt-5.4-nano,success,true,9c2c8e7cd4d7e390d96897c523aa560330789bce3fe1277caa931deb9161e997,9689,6,5996,0,0,false,false,false,aa9cd98689adb69c41459b021c5406cdba14cf23aa702a1390068b3ac825e727,3618,3057,1388,4445,45.459829,,,false,false
live_1000,cex1000_3632ab7349599391e241afe0,resp_00dbeccd10421bbc006a653fa720008197bbce17d93102be37,huit_openai_responses_direct_sdk,gpt-5.4-nano,success,true,3cedb70a58a88cbac970d78b7407bb360db8ccc2c05337c8a3094764c791601c,9627,6,5999,0,0,false,false,false,2d3d239e9141c99d87eead270c74605f26fc3e3ffd52f9fb46f447d449a1acd3,7066,2730,2491,5221,53.347176,,,false,false
live_1000,cex1000_3265fd6ee9ccf1980201ce71,resp_0e9ae7e6391831ce006a653faeb39081969e63ee749b5224c3,huit_openai_responses_direct_sdk,gpt-5.4-nano,success,true,de0a481c39bde1d276fc2052d75702d5aa5f512e2335491daf8459681cc3bfd3,9687,6,5998,0,0,false,false,false,d29c103860b6dcf4d1c31beded1b3bd17f5c4891a32897526d1c86d0d1eaaec9,2689,3049,1200,4249,53.347448,,,false,false
live_1000,cex1000_a6f9af37d31a931b56a8df01,resp_03358cfc72a2a519006a653fb69c888194a5a393edf425bdda,huit_openai_responses_direct_sdk,gpt-5.4-nano,schema_invalid,false,9349a7d7300e0db637806d4048496936cf455a84f840fe4318a70ded525bb6c2,9675,6,5999,0,0,false,false,false,614f5d44ba345ff53d81059ed1d9638fb617cd7eaf7e4c4e78b75847389bf1db,5827,3178,1994,5172,65.811986,ValueError,non-base compensation is in quantitative array,false,false
live_1000,cex1000_0af6ed576404a08a3034353d,resp_0815b4aa60396b4c006a653fb693548195b121207eca1217b1,huit_openai_responses_direct_sdk,gpt-5.4-nano,success,true,4b2be8c274a4d09f1f71f14802c5503d97eb971035680f7aaaf457e334f85045,9631,6,5995,0,0,false,false,false,f9adb8aecf386ab9baada24ccc16b3ed4a4710535330335f95f3abb2dfd96283,1782,2747,658,3405,58.846380,,,false,false
live_1000,cex1000_ee3e89940cfffa03bbe9ba93,resp_0c841aa9363e2128006a653fbc1c5081968a096a2dcbf8283b,huit_openai_responses_direct_sdk,gpt-5.4-nano,success,true,80fc1ad3f68e215ac5f9f7b66bfe493ae97ccfcebdee7d05bc3f9c0fcb91efc7,9605,6,5999,0,0,false,false,false,c7dd898a999ada8cc4a551fa0f6ff7b954337884b1d71a180a7427e155185962,479,2670,187,2857,60.946493,,,false,false
live_1000,cex1000_2678ed894bfe9de827f3d4c5,resp_0165866228b9aef5006a653fbe43c0819582f4c5d4817cd48f,huit_openai_responses_direct_sdk,gpt-5.4-nano,success,true,6e6f487d4a34344fdabd4b03e716afe98267875f2201ad5fda5a0313f8fbbf9b,9742,6,5990,0,0,false,false,false,503c9113b50fc9af5a5282814f9d60d614a1c459dadece086a18eba9208f4c85,4286,3059,1479,4538,70.620589,,,false,false
live_1000,cex1000_b68a399da444327a5fb0ef90,resp_02f15df790d41788006a653fc3144c819091cb623283787f2e,huit_openai_responses_direct_sdk,gpt-5.4-nano,schema_invalid,false,16f3068a4a19a20082eb34786819e2f3364c9922664e280025380ecf5d9cbf60,9694,6,5996,0,0,false,false,false,e508cc9670c0c69db610399e30a83caa86f90b8f242cdd838008a5f55ce0514b,6021,2967,1711,4678,78.040669,ValueError,non-base compensation is in quantitative array,false,false
live_1000,cex1000_65467fdab17e1f872cd319c4,resp_04c62e74b87ffe23006a653fc7e2c88195bad3a3fa26317aa5,huit_openai_responses_direct_sdk,gpt-5.4-nano,success,true,93ec075df0720177317a5b87213867d0013a0bcf1de95a6e12b5a1399bea4015,9648,6,5993,0,0,false,false,false,1edac89c9f3d24e1b1c6313c1b5f3dcfdca079e82be571cb7e3d9772edecaedd,2435,2906,824,3730,76.215402,,,false,false
live_1000,cex1000_ed6732cc2669769098067823,resp_049c221bdd5a857d006a653fcd79c48195b6e079d0cf11dce0,huit_openai_responses_direct_sdk,gpt-5.4-nano,success,true,1e44306864181c92b5971cb58087d0b86333bd5d28292de02852446ae69fd8d4,9636,6,5994,0,0,false,false,false,2c664341aaf99fe975ab61dc20a2c796400fa82a45148972d1e48996244651ae,5015,2842,1518,4360,86.010487,,,false,false
live_1000,cex1000_b8a4b434ebb21047c621ab15,resp_025ca871c631b503006a653fcf4f748196a081bfd321c2a03f,huit_openai_responses_direct_sdk,gpt-5.4-nano,schema_invalid,false,a2cfb168944d0bb3bd50c4adc72ce196d8d65bf299a547de21108b9c82dbc62e,9685,6,5992,0,0,false,false,false,63ca2ec48b5663031c0bbd60409dfa3b2c91176aa387b0beecc5067ca2c8980f,6116,3016,2005,5021,90.617740,ValueError,non-base compensation is in quantitative array,false,false
live_1000,cex1000_80b9c29b4c01af5520ced380,resp_0938cfb338d7e312006a653fd74454819392fbdebd6094a119,huit_openai_responses_direct_sdk,gpt-5.4-nano,success,true,5a7cf93c9b3d2c5668eca1944ef9324a22f76d36d89307dc1f80eedb608a46fa,9608,6,5982,0,0,false,false,false,f7105836b2cf4ce2d6e27e943c32ce061d269dad9ce18d8e21277294ac5e881d,518,2793,224,3017,88.159555,,,false,false
live_1000,cex1000_586fe01e95355c02ec340650,resp_0f24e03d533eb83e006a653fd96668819488ba2c8287d7100c,huit_openai_responses_direct_sdk,gpt-5.4-nano,success,true,8f019fe88de6b2463f38f50859f66576a23e840b858c046014778063f3def2b6,9700,6,5998,0,0,false,false,false,f439b087d7a143952d993c5b13572ef5f47a4d0e559c3444e07b0b9a7ddfbc38,3936,2802,1762,4564,99.513440,,,false,false
live_1000,cex1000_884d893a38b6a30303ca4b2f,resp_0860da7d5ee85c5d006a653fdbe6c88194a71009bad2cfed8c,huit_openai_responses_direct_sdk,gpt-5.4-nano,success,true,553af54b243fb4346b26f1158c3d8de46389306ab7a8917760e126c2f20fb23f,9637,6,5997,0,0,false,false,false,addbaf040f58687cd185f0e29a83d4904a364e27667d9f204e57635eaf53ce0a,1458,2894,478,3372,94.509525,,,false,false
live_1000,cex1000_018344cb97668b4a1f4452ef,resp_0547712b1e571147006a653fdfbeac819699c33057e94ae5c1,huit_openai_responses_direct_sdk,gpt-5.4-nano,success,true,3f22414dffd0b6e96d2db951a0a42f396aebd138514b57f7edb090bb44aa64aa,9612,6,5999,0,0,false,false,false,5518c660a1a1f1882923dc789e53cd3ac367aa439986d03a87533008adaa3bd9,3035,2862,1219,4081,102.598448,,,false,false
live_1000,cex1000_18bfe856c1d951e50a4ee28e,resp_0d617229801188b9006a653fe4c2b48193a55777ef79897261,huit_openai_responses_direct_sdk,gpt-5.4-nano,success,true,9aeea24e6c4746f0e54807b3b80cf4965e0e2f50bea8558bdebb530998748c11,6162,6,2549,0,0,false,false,false,653723562a91a09759e16066e9ad035524fef61381f36ff6fcb22bb859a259e3,1787,2422,683,3105,104.338018,,,false,false
live_1000,cex1000_b7e945972c1300b7d6a82dbf,resp_0d1c92b4623a75ab006a653fe9a9a88194b35bc21909d9617b,huit_openai_responses_direct_sdk,gpt-5.4-nano,success,true,272392d674713b61166d6ed608cf45f7a6b2d9df86b0a36161bd5c8a24f69492,9668,6,5998,0,0,false,false,false,7b42a1690efd6c26ec2832518717b518d6a4b28b65d31fd06d8e6b13a389eb52,3075,3015,1288,4303,8.583872,,,false,false
live_1000,cex1000_3ef9354398b68f3357464f83,resp_0253084038f73c3a006a653fe9ab78819490adfbdcfa686ad9,huit_openai_responses_direct_sdk,gpt-5.4-nano,success,true,e1dd1600a974847e13894888b69abbfa5cc88e2770df2f0f345443020a4200f6,9635,6,5996,0,0,false,false,false,23542bcb3a963e3e22e8303a27db9ad8e0467c172817596908790b5a8da84914,5915,3137,1899,5036,12.070026,,,false,false
live_1000,cex1000_c02d3d55907137bd5b6e88e4,resp_09a30246dbf26da0006a653ff23d688194b44c58807bf2ac4b,huit_openai_responses_direct_sdk,gpt-5.4-nano,success,true,22352eb6b28ae6e9e369cb596518e599558f490a412ceede8060caeae8deb75e,9691,6,5996,0,0,false,false,false,3fa061945e5ff447b75ac65329126d4d4b2fba8cb6b354c16839ffe2a85a7a0a,3466,3021,1110,4131,15.936034,,,false,false
live_1000,cex1000_90ec28e42912d096177dc976,resp_0249e539b6394a3b006a653ff5afb08193bed1d287bccf5fe0,huit_openai_responses_direct_sdk,gpt-5.4-nano,success,true,c5941669819f814745d73c3878a79fb5c816bc2f334039dce7fd6e7fd0c2a397,9682,6,5999,0,0,false,false,false,dee0cc6f435c99dc154eefff49bb87b26ddce9fce1fbd95efebffeca6be1e5e8,2580,2851,958,3809,18.640022,,,false,false
live_1000,cex1000_3ac892a2245b9c16ee308e27,resp_073d3cb49c8d03a5006a653ff986bc8190b6c33c98f6c0d187,huit_openai_responses_direct_sdk,gpt-5.4-nano,success,true,02dd8bdfe540a49eaf9bf3b33c0f59e97b1b2043184f2fa647d22d2aea04c116,9695,6,5999,0,0,false,false,false,53c3713ad33a5b41fdeb1d16883ff075e69b3adc05f4fe58affbc30ef2fa6a06,2097,3138,698,3836,21.247989,,,false,false
live_1000,cex1000_c2fd75f0f2204f109d4ee4f5,resp_05853c666cf29b5e006a653ffc4c008194b6ded2a44e423c78,huit_openai_responses_direct_sdk,gpt-5.4-nano,success,true,993abd499c761e5c8e4834139687fd64636a9387673c23f447849a618c25db60,2620,1,164,1,34138,false,false,false,2e0e72e30c87d0dfd98210cae424205bb07679d41b37ce2c8282fef500ffdd1a,458,2811,163,2974,20.568142,,,false,false
live_1000,cex1000_858af4be49b36702431c7397,resp_099380d2efe542d7006a653ffe2de48197aee78105fe6f3732,huit_openai_responses_direct_sdk,gpt-5.4-nano,success,true,3e9e69facf51476ae1d1e971a418566898e47da390ed960b87f0cb21147ffa09,9602,6,5996,0,0,false,false,false,b47ada40cfd3fdb23da9cee26bc76fac80406e1f1807a4d2138a779f48da3cf8,8337,2828,2837,5665,39.533638,,,false,false
live_1000,cex1000_de26705b4e10e4e7b4a8ce04,resp_0d4d63377579644f006a653ffedb8c819697be9910a7799853,huit_openai_responses_direct_sdk,gpt-5.4-nano,success,true,0b2d315fa198a6600c8c6baac1b80932ec3c850fe93dff2e852488f24f7114a1,9633,6,5999,0,0,false,false,false,25d74e1c1b79f4b7d2fa084fb1f74c62d3533a8779da2dbf5f69089f0a34e7be,3876,2761,1757,4518,33.468418,,,false,false
live_1000,cex1000_da6f79c76ede48952afd143c,resp_06942eb6cbb59417006a65400b0f308190b06995d1528b90d8,huit_openai_responses_direct_sdk,gpt-5.4-nano,success,true,dc3809993eca08b3f80c86b8fcef82e553a9e21515ce58a2b31d70d5f0b8b34b,9742,6,5999,0,0,false,false,false,4e204ed45a0f12b91d794bd8f9e29445b613a88fb3a01e8916e1304f4c45b914,8840,3153,2477,5630,49.330902,,,false,false
live_1000,cex1000_1c3c07ca4ea42976d8a3f8d1,resp_0317a1cd3ab61997006a65401125b88190a0842b3cf1ce50eb,huit_openai_responses_direct_sdk,gpt-5.4-nano,success,true,b7c5e8f00116a844224cd6ccc531dcef9cbd057140b836e26f258dc25f607de9,9753,6,5996,0,0,false,false,false,e453da959ff0b29cc027dd8ca060be50708bef81fbf44dd2097f11f417d33f0f,1669,3025,880,3905,46.014230,,,false,false
live_1000,cex1000_a593a760964d763af79f069a,resp_0d4192377d9a36cd006a6540179ea8819580ac86464a4b383c,huit_openai_responses_direct_sdk,gpt-5.4-nano,success,true,2d4477ed41c7c335d9d154e8e6168d28588b66c209c2618eb7e3bc4d1a6784d1,9650,6,5996,0,0,false,false,false,ce31a2fe7b88998bc9c584920a241d9117c507fb8ebf8a1a46de610f7b8a5555,3050,2956,1108,4064,54.390832,,,false,false
live_1000,cex1000_5eca97238ebee1e0d8681537,resp_08aa3afa5c370b5b006a65401aefd88190849ad9804bd3490e,huit_openai_responses_direct_sdk,gpt-5.4-nano,success,true,4e8135b637b1317a08e216d905accad71cd042131318c38da41f4fb55512936c,9641,6,5992,0,0,false,false,false,607ecf8acde6209f6db90f30631673a6ece03422589b2c3b414dc37de60a03a0,3388,2918,1205,4123,58.191761,,,false,false
live_1000,cex1000_576d8c5135019523e7d2836a,resp_023f65263fea38fd006a65402004248194a966ece8b42c554d,huit_openai_responses_direct_sdk,gpt-5.4-nano,success,true,40c862296487cce90e22f28ff8beea00c7f8c241ff891e0d5f5480a438d3af7b,9585,6,5997,0,0,false,false,false,d322a5c9deb415574340b544372b081a9477c81c2b725adf098890769d862292,1530,2801,627,3428,58.933914,,,false,false
live_1000,cex1000_1be90b97899d2fe24bc79aed,resp_0f0c19cf797dd977006a654023cde48196a15d694f39819da3,huit_openai_responses_direct_sdk,gpt-5.4-nano,success,true,73ec000c55b382e815cfa78585f64c163b577882dce5e5cc0976a520ff8564c9,9652,6,5996,0,0,false,false,false,422fbc0789c3b42f4c3f2c3c3e33cd8f36a863b6a49e4ca4ae31194e1c400dbe,1459,2866,685,3551,63.195548,,,false,false
live_1000,cex1000_72002fc31f049f41981822fc,resp_0e0f5b902c7de991006a6540248e348190ba32d5d8e837d395,huit_openai_responses_direct_sdk,gpt-5.4-nano,success,true,83e3b50dae2d73f4d88c298ad9680ec410779ff5ed85a54c85fc34f4de4f4955,8191,6,4530,0,0,false,false,false,5d074f29feaa50bd21ee51ab94711a6eccfa4c7bda3453ef68a15ecedb84a2d0,539,3081,203,3284,61.057757,,,false,false
live_1000,cex1000_cfb6f3f1f4448bf0e589fbe9,resp_0f4e40908795e495006a654026b1ac81978b0a910093aa3f41,huit_openai_responses_direct_sdk,gpt-5.4-nano,success,true,e2a4fc4c3786050be58a469f61e2804d168854ffc023db7a40d80e637e5c7a68,10116,6,5997,0,0,false,false,false,172a8c7b00f8e6d7a90cab022e9153d536cca0351d9136c061c482b8b343bef9,693,3068,242,3310,63.386306,,,false,false
live_1000,cex1000_1dff282b0f409dd01ef712a1,resp_005d140ce425758c006a654028ccb48195894c8940493dfe65,huit_openai_responses_direct_sdk,gpt-5.4-nano,success,true,b323f0e6434c9d7b7087fbf40117274e2622a6641fb02f4c14039cea28e06521,9705,6,5999,0,0,false,false,false,001283920c09dfa2a919cb1e93130cf3d7f6d0c364e46fc163a917703e57fc8b,7651,3080,2329,5409,79.376956,,,false,false
live_1000,cex1000_6f1e2b821d43a8384c29960c,resp_0f225d708c0f5ea8006a654028fb84819396d82575bc08c50e,huit_openai_responses_direct_sdk,gpt-5.4-nano,success,true,9ccb79961a994d25d284f09782a96760e9f4910cf419dfae3e15ac14d3add9da,9621,6,5996,0,0,false,false,false,e183e1d05e14faa2044ea4727c18c02a888f3b49d47e2d97c65589ef4e19be04,3051,3073,1156,4229,73.085579,,,false,false
live_1000,cex1000_742ce1f1ed24120554c67b60,resp_08f91470b4e03338006a654032b7508194af5a7b505978f2f5,huit_openai_responses_direct_sdk,gpt-5.4-nano,success,true,73999de1ca2be54c7a8f1a91721e761fc36d63cc6fcd62f39431a3763b2bd680,9610,6,5984,0,0,false,false,false,5842fc101f362db6c7bc1060ce76b3b4bef3fe1f871d6f621536d58341aabfb0,1750,3044,673,3717,77.983029,,,false,false
live_1000,cex1000_12d733cc963ef165a90b8805,resp_00aa263748e61e2e006a654037a2708195b82ad30695001532,huit_openai_responses_direct_sdk,gpt-5.4-nano,success,true,82b027ba89658246b87e51cc75bf5a28a84ef44c3904dc9453eb7bb3ec7c7bbb,9644,6,5996,0,0,false,false,false,a4042d468d8b84dfef9ba1e70689d4f373402cf68727e42f2a4861ef0661d473,511,2734,188,2922,80.033597,,,false,false
live_1000,cex1000_e945b2f18bbb0f0fe60bf252,resp_0beac108fce95295006a654038f824819397bf4f6edbf8a380,huit_openai_responses_direct_sdk,gpt-5.4-nano,success,true,e2343e9975329165fc297ae912848b8d1b5ad80bfade4ad2ecbe29737b891f91,9608,6,5995,0,0,false,false,false,1bd67c686fefa80271eea0bfe2fa6080fd11857ee0865959fd98036647ac10d3,1091,2630,601,3231,83.844773,,,false,false
live_1000,cex1000_f6edada3b0ea56df285c634d,resp_00acf79a9e33eb05006a654039a0888194996d2943fe5ea671,huit_openai_responses_direct_sdk,gpt-5.4-nano,success,true,3a469c6b5a4b411ef08430a1b99b4e23638d94e99ed260cbd1c5373e750f5954,9585,6,5984,0,0,false,false,false,d8ec4aa04433402ca32a8be81494b8c029606df949844b7a215dd911d236de0f,533,2717,188,2905,82.311425,,,false,false
live_1000,cex1000_ee242d92aa07a3d8a861e5ac,resp_002e918f633ac20c006a65403bef0481978c4846ecf8cd3ddd,huit_openai_responses_direct_sdk,gpt-5.4-nano,success,true,3d9642df8646f7d16c6ecda7d891c98535a7dc243c1a8ce4c734afb94f4e880d,9645,6,5998,0,0,false,false,false,ab44c846de8cc219a710d8dc6d31f2a15bb8bfffaa7079819b4fb4a54fa4ac1c,4730,3091,1916,5007,95.231390,,,false,false
live_1000,cex1000_ec8ee465571b9638c407b4fe,resp_02ef6e71d61b34b9006a65403d70d08194bbd2ef12e8dce6ab,huit_openai_responses_direct_sdk,gpt-5.4-nano,success,true,2f6bcb7eedd125c60e27f09627a5fb2a8f5fe3402cb7812986b0896705748420,9589,6,5994,0,0,false,false,false,b9f7535a61cfcb7a90fa2fac415606bf2e0292d66bb9e0feab31bf1480a44588,1166,2771,548,3319,88.013316,,,false,false
live_1000,cex1000_b3efde13525d606c6d5c9d52,resp_0ca5b7b14943f927006a6540419e9481979c0b5b8874a46ed7,huit_openai_responses_direct_sdk,gpt-5.4-nano,schema_invalid,false,9f4d8f75fd7bdfdd06736ca23537683bbca02a9e3b8cf667d5691a091b9b0998,9643,6,5995,0,0,false,false,false,6ff88080c63397e7f3234c4fd4e5a26ff00e43db9e947dfa23d868e27af9c5ca,5393,3177,1974,5151,101.144487,ValueError,non-base compensation is in quantitative array,false,false
live_1000,cex1000_3b65f2ea0448e08db17495bb,resp_084229715cfd80e3006a65404ed48c819387b6e05cb5927085,huit_openai_responses_direct_sdk,gpt-5.4-nano,schema_invalid,false,a0452028e7ef31858316d123038ca421314e4208252b5b11feff0839a1c88d71,9626,6,5992,0,0,false,false,false,4ded01a4906341ab9a592f6793e9d75d68ab734b622858e859f7e188712c8385,5549,3185,1821,5006,12.988469,ValueError,non-base compensation is in quantitative array,false,false
live_1000,cex1000_37ab65610bc709c08d69df13,resp_04c89f892b591451006a65404ef3a081908233d86dfb6e0132,huit_openai_responses_direct_sdk,gpt-5.4-nano,success,true,0912d44ce2edc5ea92724a2ef5ff93710a07372ceb88c6168b72e91cd691f9a6,9677,6,5997,0,0,false,false,false,fea96c932ab77d981815e92e5f0cd8f5054ade5a91e18069d120ac4facabeafc,1670,2964,785,3749,6.521779,,,false,false
live_1000,cex1000_d124f9e8f3f53e36c18b678d,resp_0d953d098b411d8b006a6540554d008190b6eccdcd10cf8f0a,huit_openai_responses_direct_sdk,gpt-5.4-nano,success,true,941fa107ba939bb8fc5efddba16de8f7ee56a035d307ae861ae004734732131c,9603,6,5991,0,0,false,false,false,4a1ed21219d6bc4a05e938da0c48bf4ba527078c4ce687be57c5036af77439a9,3168,2676,928,3604,13.499320,,,false,false
live_1000,cex1000_7c3259ef3057b571b735fc58,resp_0451d1bec832ea80006a65405bc6648196ad3cf2764e380b81,huit_openai_responses_direct_sdk,gpt-5.4-nano,success,true,37e91d1f6b9f7f9c3a6b19a9c4fe4f43e162264bc9b88b9ae9b9f36128b66713,9640,6,5996,0,0,false,false,false,19e2db4af07e04a5718a5f35b0c68d8970dc73f84afd50512a2d968415a2fd5e,5324,2698,1521,4219,23.853011,,,false,false
live_1000,cex1000_fd61a30fac31fd72c8c064c0,resp_0624b7229b3f47cf006a65405c43e88197933b5034469eb43c,huit_openai_responses_direct_sdk,gpt-5.4-nano,success,true,b2584bdd3123f9ddbedc9af68d2c06a2d3345bc50c4ad8592caaf5e7a997d721,9612,6,5996,0,0,false,false,false,91952c421fb5328b24860b760f23c902d684c6b9c01b96323593b684345d2684,3742,2661,1279,3940,22.772975,,,false,false
live_1000,cex1000_85e57cdd83878b472e9df698,resp_0bcd9307476fc516006a6540658f1c8195b54639e6ae69588e,huit_openai_responses_direct_sdk,gpt-5.4-nano,success,true,3bbfd13bbe0922332bcb5fd2e264f11eddb4b7259fedc35cfea84a4398c49d37,10386,6,5995,0,0,false,false,false,ca90e8cef9e275de34ab5a3c991299cb133f2d55e6248f0a3183e13b89968e6a,6088,3573,2062,5635,36.525703,,,false,false
live_1000,cex1000_d558db3d8b95fe8e73599e74,resp_0dc3c57ba5ac8716006a6540669ec081958995896d7e3c1967,huit_openai_responses_direct_sdk,gpt-5.4-nano,success,true,d129308c5aa9a27ff4aa054cc139de5a4f6f903f3159af34bbd722dadf6917a6,9644,6,5998,0,0,false,false,false,003a79cc488c8d54b5542ea61681b3e97cec5a80601a2a1d027a66f41fef14cc,4044,3105,1294,4399,32.792674,,,false,false
live_1000,cex1000_71a3a5e5f81d471812359d10,resp_00760ca44c7d44a2006a65406f9aec8193834648ceae883f74,huit_openai_responses_direct_sdk,gpt-5.4-nano,success,true,c8c2c07a1437d7fbf97383d2485d50b3085cb3bf08b0c029bba6634c888a3469,9618,6,5994,0,0,false,false,false,2b0bb1ba036c998b66ce547faf7ba6e8ce0941b43167c9d01661796b7473a3a4,3175,3223,1022,4245,40.420729,,,false,false
live_1000,cex1000_880c7f4cf13b8c7b3372a8c4,resp_069167cb7e87ed57006a6540735be08197964c0b98a9a3c123,huit_openai_responses_direct_sdk,gpt-5.4-nano,success,true,3c0583cc767ae69082c12dff76170ea53fb705185030f247ae40889339994fa1,13618,6,5996,0,0,false,false,false,73ae82251b25c4cc8af6856377c35ba94186c97c4fafd06f26a5c31fe3854dd0,2876,5504,1044,6548,44.272923,,,false,false
live_1000,cex1000_fac4f8da02d1a2a7babd080a,resp_0f6b86ed8f5ab3c6006a6540772fa08196a4af52e0436a1d89,huit_openai_responses_direct_sdk,gpt-5.4-nano,success,true,378714248e1f5e286d5f5483483e61687ebe05ff57781b9c24a53a8f6e2d9698,9676,6,5993,0,0,false,false,false,fbabc7c6680b82a4004229224d16c02eaedcfd11565efc3b95b5d88c450ab106,3350,3047,1481,4528,51.254958,,,false,false
live_1000,cex1000_bf44e41547d491ae0992724f,resp_04b7cc4d1c6ed0d9006a65407b0990819690c057169278be15,huit_openai_responses_direct_sdk,gpt-5.4-nano,success,true,3917652efa91035f301e5474584c94b669492f49f2e9c182f0138a4a5c1bf0ad,9677,6,5999,0,0,false,false,false,45a0f637e2659226d1dfa4311dfe5b10c74e12e646fd571be6201567839222c5,3411,3057,1240,4297,52.658662,,,false,false
live_1000,cex1000_7e4a70be6c94a7989fd04113,resp_04c7107058b86efb006a65408204bc819080b24998d6feeff3,huit_openai_responses_direct_sdk,gpt-5.4-nano,success,true,74544eecb78bd260d82c0c477a11908e6c7f8fbf6cf40177cf33be1895cd75be,9583,6,5996,0,0,false,false,false,e65e411bdc0db7b53678ba7a9f120a5cbb7ae9bf50f8c84b4c6b5b78416e92aa,496,2652,192,2844,53.238232,,,false,false
live_1000,cex1000_18f772b38f614c40b1651055,resp_05624449dbf63970006a654083785c8190aa85babef7445917,huit_openai_responses_direct_sdk,gpt-5.4-nano,success,true,b53a427c2679fce2784ce259c54103bd3e83050af7f0d789bbda08529da98a94,9820,6,5992,0,0,false,false,false,9eb65235e969683d34867be3f474fcefdf50311cad5d43f804ccf46862a6a2d6,5238,2855,1622,4477,64.498427,,,false,false
live_1000,cex1000_bbf146f92b7714cb30e692d7,resp_02b60fecf227e9cf006a654083fdf481949fce7a4fcfa9201a,huit_openai_responses_direct_sdk,gpt-5.4-nano,success,true,fa9ee71e1de73d6d303048d73e21cae5e1fe8f37e9c2d1833271dc1cd61b249a,9623,6,5997,0,0,false,false,false,bdc329730f9fc759571efe80c96906a8b20250e303c7720ede3b4fb9b4631e90,2385,2530,869,3399,60.610138,,,false,false
live_1000,cex1000_3a65b234d73ff2f2dc7c4451,resp_09071ad8855f58d3006a65408b61348193b392b7291818a9cc,huit_openai_responses_direct_sdk,gpt-5.4-nano,success,true,a414a2c0bc4c6ebdf97e1c04fa4eab2df835b4b20e414b18d10eb4eda23bdb46,9574,6,5998,0,0,false,false,false,76740a8c1ba92f4add2faf5d4eb1fc237ed96e8e1a64ceb135ca88519201d1e1,1744,2837,891,3728,66.546790,,,false,false
live_1000,cex1000_d9790782a93e7845da6c7e8c,resp_0849aa73851f0ecb006a65408f429c81948b78f3c6d9932446,huit_openai_responses_direct_sdk,gpt-5.4-nano,success,true,c369ff62f6f4d03ebe82c0a70c3ec9d67f86372de698550e420626dd732dd15f,9743,6,5999,0,0,false,false,false,845ecc7f99816eb273b98143644dcf106c797ee2132b40ddeb88402d522781e7,2749,3157,862,4019,70.547198,,,false,false
live_1000,cex1000_f0834bff8aeb908fd96c702c,resp_0b18674fba9e4933006a65409159c88196be2cce2a0c543030,huit_openai_responses_direct_sdk,gpt-5.4-nano,success,true,91cb1405da7435e320f3715ba40ce36b18364e8758591119fd2450c3453dd825,8833,6,5244,0,0,false,false,false,0f927f1d8ed0e3d8b898b9060327901d7c1477859562df69d8615b644f20bdb2,955,2591,385,2976,70.055115,,,false,false
live_1000,cex1000_1e664cd0f1769f439d000dea,resp_07f1f04d166a1bed006a654094d158819097c32c46f081b3fc,huit_openai_responses_direct_sdk,gpt-5.4-nano,success,true,02c65ffa89638c340ecc3971b0cd9fbfc97e7f17d5b5f01d5bd3107dc7e6ddc4,9624,6,5997,0,0,false,false,false,330fffcab752a8901079fe88ecd4e6d277018099bca3702f428c1b9448a2cfe4,4209,2976,1619,4595,80.269902,,,false,false
live_1000,cex1000_aaa602b591498585b2d9be52,resp_0889df082eae434a006a6540957a788197940db76346314659,huit_openai_responses_direct_sdk,gpt-5.4-nano,success,true,8e64dbd179c1db8624d64b8740b3da1e3c1ac524f2fe1259a83435e24966dc77,9585,6,5995,0,0,false,false,false,b25d934dba931a933f8d1f4a5c43f0ff252d2372652784d75989bb92da591ebc,2746,2904,749,3653,77.865178,,,false,false
live_1000,cex1000_1dbb306b8c44e3aec229284a,resp_027afd1088079463006a65409ca3ac8190b8c306d384d7592c,huit_openai_responses_direct_sdk,gpt-5.4-nano,success,true,03ee2a152a0b2353247b6124175f763857c2287864731fca8b6786869e93fbe4,9588,6,5999,0,0,false,false,false,10e26c4174722023adb8ac5c7f5db4700e977a3491d9dce867570592ed84e9a1,916,2806,581,3387,82.544708,,,false,false
live_1000,cex1000_8fa8f1fd4cc2d5742d015f6f,resp_051a84720d4a0af7006a65409f07e08195920bcd6cff2403c6,huit_openai_responses_direct_sdk,gpt-5.4-nano,success,true,f3b2d94d07bc3b25d0e10b18d642dd8d19f97f59d722981037417b3daa154e49,9597,6,5998,0,0,false,false,false,86e6d67255484a838c6d6501843e23d36b3a26b4e3a3a12dc051a1538557edbf,4428,3089,1552,4641,91.118442,,,false,false
live_1000,cex1000_f5c2a6e13d58a1a50690addf,resp_0f3018012661f06f006a6540a155a48190a4a99b0fe292abd6,huit_openai_responses_direct_sdk,gpt-5.4-nano,success,true,2fa90b341073d61145fa82b60435740a2cac65dead714a90ece6f189839a0c42,9650,6,5989,0,0,false,false,false,daf54e0cdf000d38da954e3707ce5bc20875db2874ef4c0bf645580ba992fde8,611,3332,243,3575,86.219303,,,false,false
live_1000,cex1000_5f6d8c9a0d7cd2d007df7590,resp_0a85f658eb69777b006a6540a4ff708193b58be21c80fa076a,huit_openai_responses_direct_sdk,gpt-5.4-nano,success,true,291d0c090a3194b4de97f0510a3afdf8e88e56bf9b6199656d495ae99af4ec90,9665,6,5999,0,0,false,false,false,e1a3d97e069e1de42465c1c63b6aed6f37e5af1fb3945ee5f936f7b111d876b4,558,3296,194,3490,88.312675,,,false,false
live_1000,cex1000_72661546b2205e3a52bad0cb,resp_0dad7bc87b22083b006a6540a714d88194801fff4242e253c5,huit_openai_responses_direct_sdk,gpt-5.4-nano,success,true,1f7aabb10e0eaf6fdb999df411684b2b58b152946c277cb891fb258230393c79,9625,6,5996,0,0,false,false,false,784f533aeb651226a66903fda276b9bcc1d5c486d10de276bcceeb5868d32436,2895,2956,948,3904,95.286182,,,false,false
live_1000,cex1000_e9f58ed6e793b20a6afd7086,resp_04b952a32c68b71a006a6540a9e95081939eefe87963e44306,huit_openai_responses_direct_sdk,gpt-5.4-nano,schema_invalid,false,bf2d2db21461f414df70d162ed76bd576a0c9e785abfdd24e5f83e703e8338a7,9659,6,5997,0,0,false,false,false,1cd9cc648052d5a85fc541f4fc4c2b4bd82beef399d14696264eda0d140903c0,9255,3018,2813,5831,111.603733,ValueError,non-base compensation is in quantitative array,false,false
live_1000,cex1000_25f374955e93bc9a4aee20b8,resp_097abe54cb99503b006a6540be75f48190bdd90c76d7ae289d,huit_openai_responses_direct_sdk,gpt-5.4-nano,success,true,d62f1bafec7c893339378abf2c90a23f924c3c67c492d20aa784539fe9a003ca,9722,6,5999,0,0,false,false,false,352de2e39e661d1d0eb5d909105d8ba8734d45be2082ebc7f4bd4a508c235e3e,496,3554,224,3778,2.542278,,,false,false
live_1000,cex1000_189bc31b663950d72eecdb94,resp_0dddbb989ff47df9006a6540be76788190a9cc7c5008ff4dac,huit_openai_responses_direct_sdk,gpt-5.4-nano,success,true,76021fa08900fefcd3355ab0197dd4e3f995faee7c2195e08ae9d85597213fc6,3989,1,1495,0,0,false,false,false,56b631810816e7d6afffb70a92d966a465e5de79d79e2841708a4ca18e682952,406,1855,152,2007,1.892939,,,false,false
live_1000,cex1000_5ea7bdf628f135f5215fa440,resp_033862dde94775db006a6540c062d081949f7898fc1976d0c3,huit_openai_responses_direct_sdk,gpt-5.4-nano,success,true,3dc42699b0126447bde29f15201ec3a97306a152f709f7fe7804aad30b080fb7,9666,6,5999,0,0,false,false,false,9635cd0fd47e267d798f4fbeebc963538bff7e6e1387543a1f03ea02d8c3321a,2022,3106,852,3958,8.423282,,,false,false
live_1000,cex1000_e8238269767fed135c5a6edf,resp_04388c1ef553d482006a6540c0ee7081909ae6828e9512e638,huit_openai_responses_direct_sdk,gpt-5.4-nano,success,true,c07964a16261a4fb52e5af8c1ea68d703441449a8ffbe8776833657f71cf9d77,9656,6,5999,0,0,false,false,false,793a1e176d8092859729931ed716af5725daba9dfda3fe33255b88ba8e575c5f,2996,3001,888,3889,9.201404,,,false,false
live_1000,cex1000_c82a8b33cbcc161d390c6be7,resp_02427673c06292ae006a6540c6d02c81978517e8c2501160fe,huit_openai_responses_direct_sdk,gpt-5.4-nano,success,true,e1eb10169d8f304922df3d137e289f443aa3231d02d11c86c7ebece0daf72746,9634,6,5999,0,0,false,false,false,4fe167d564b24e74d24a5d9d2fad2c42757a97305d2c87459885a4c5dc6b3e61,3206,3050,1261,4311,19.154567,,,false,false
live_1000,cex1000_a433284429fdbc3027ca08a8,resp_0d96315afed20e94006a6540c79774819586c26cd197d0a64e,huit_openai_responses_direct_sdk,gpt-5.4-nano,schema_invalid,false,47dc1e9f9185cd5f4f77247e85ba3b7a4d0bd1a9bb03a41a382cdf263d62e606,9610,6,5999,0,0,false,false,false,a59e81e4e505981b69e3bdf3df99dddc0c7a073df657690f8b5de43c4d554b3c,5439,3055,1908,4963,24.397827,ValueError,non-base compensation is in quantitative array,false,false
live_1000,cex1000_0eb6696f9e512f4beaeb7b15,resp_0ce26dc016621904006a6540d1917c81978858e0b619ad2777,huit_openai_responses_direct_sdk,gpt-5.4-nano,success,true,bb1734da5c9cbc612e73fcdf50f3666408902a824db7562aa35e0c3a4d2ce625,9654,6,5999,0,0,false,false,false,36d641a1ed6b945a234e5c9fe16531531d046598794525799b81578094cbaf23,3783,2964,1588,4552,30.597392,,,false,false
live_1000,cex1000_83ba5d0f8d6142d37080a5d8,resp_04b871fedb85f41e006a6540d6c54c81909f191e9d4bf2e9a3,huit_openai_responses_direct_sdk,gpt-5.4-nano,success,true,f34eef1c4f1c38edb5bcce1f196a43aa864d9d636f543826cb5efca636d2d7e7,9549,6,5987,0,0,false,false,false,3e223b2d349d02e76e688713c99bd3d6ee8e7630b2f1b7bd3007e0d418d20fa0,3409,2652,1270,3922,32.791455,,,false,false
live_1000,cex1000_7414c48ac2a492de38161ec0,resp_0876c5e001863442006a6540dd11ac8195baba0af7a7428c51,huit_openai_responses_direct_sdk,gpt-5.4-nano,success,true,b71d606d9c0424c9c2274d51fe77017a1d4e0b5427fadc41d0cdd5d45998cd87,9625,6,5999,0,0,false,false,false,f1c67eee7b9c954376efae2efd188060c8118f02dad579ee6983aae44601850d,885,2815,369,3184,34.421468,,,false,false
live_1000,cex1000_21c1e1de0f087ae5ff71301e,resp_09a5d1c87771e80e006a6540df33888190b70bc471cb7e42ec,huit_openai_responses_direct_sdk,gpt-5.4-nano,success,true,f4df8b94ba85f17c76b76aeef2422c61cac6389bff785e650be5087e850132cd,5681,3,2771,0,0,false,false,false,fe6fc4da9504ade45d02e630168fd3bc03d9cf3f161a3e1830c133a093432eef,534,2244,180,2424,34.954953,,,false,false
live_1000,cex1000_277d9bc879e32676f50a9c02,resp_010540e793fad3f9006a6540e0d1a88190a984d761b9b2b277,huit_openai_responses_direct_sdk,gpt-5.4-nano,success,true,b1e032c52d56e24008cc90cb5e805f9cf33438fcc278f7bf8d5f1a44457cd3ed,9691,6,5998,0,0,false,false,false,d4fcfb61d95d09bad18de00bd2a26d1d46ef57f31a754b83488d9045a5749fb8,2968,3005,951,3956,42.631804,,,false,false
live_1000,cex1000_b8d147ec704bed73aa0bf13e,resp_071250ae6c21bb2a006a6540e15c248193bc308726fae83cf0,huit_openai_responses_direct_sdk,gpt-5.4-nano,success,true,21fb34e40a2ac63b7aeed0b46ccdda12a9e2765c3528ff7d80ff49577dbc2e7b,9615,6,5992,0,0,false,false,false,314309349d010f57033fe0e22657ab8d2aa2358a1f56c3b224ac6874d16ab38c,6018,3008,1660,4668,47.019041,,,false,false
live_1000,cex1000_ec7a1aceb42a04736f3abbac,resp_0144252a3693cc12006a6540e9099081979b4ffe43a14db03b,huit_openai_responses_direct_sdk,gpt-5.4-nano,success,true,adc04e1dad1f78f86716a6b97fc5b7280a5292fbf6897c61fa52544a98017f8c,9603,6,5999,0,0,false,false,false,e583caf09228bcf71d4aa8aadae6b954147a894f4819c374fd80a567d8af2fd1,5938,2978,1797,4775,54.545150,,,false,false
live_1000,cex1000_d9e72da42a240be6dbdffe39,resp_09eb8185ccdecd77006a6540ed6b188195b201056759503663,huit_openai_responses_direct_sdk,gpt-5.4-nano,success,true,c345e5127f652894d27e35108b40042368ebc50dc89e15d897d1af781aab880b,9738,6,5994,0,0,false,false,false,082054fac0c95e7043ce6c21b4d2855d10fe15a72ea25b2af854ea6a7dc4e5f3,1888,3080,1040,4120,55.331927,,,false,false
live_1000,cex1000_d8d725e9d67b0b5efb34d025,resp_0ccb38a91df8b41c006a6540f4f13c81908f48a10f7e1332a6,huit_openai_responses_direct_sdk,gpt-5.4-nano,success,true,eced95be1b99e028da768353093e5ac6d0e13161cd6f74b531fdf20f30e81457,9667,6,5998,0,0,false,false,false,5573471b9eb4a62d859690a83e1c07ff081611ac2a0908a4db6904effc4ff340,1470,3071,578,3649,59.000660,,,false,false
live_1000,cex1000_b30ea5e9692679ff00419225,resp_091c92df15b985ff006a6540f5bbf481968c6ab95173658ec1,huit_openai_responses_direct_sdk,gpt-5.4-nano,success,true,97bbbfd3dcff2e2057067dc495c18caea15d371916d1ba4e12a0afbffa8932be,9676,6,5998,0,0,false,false,false,4a9d94903408798cdd98b83cae25354c1ae0e1724957c72fe7c57cf9bf6d4ae6,450,2971,227,3198,58.043059,,,false,false
live_1000,cex1000_4976617f4777ef3cd9a96475,resp_044b28d65857dbcd006a6540f86b688196850b2776b622c9cf,huit_openai_responses_direct_sdk,gpt-5.4-nano,success,true,20fa8cc3e7244b2bd0b3eef532d8942a214a6aec223c15da55d13a9f41d5797b,9616,6,5988,0,0,false,false,false,11170e8e1f51431913b7ce1e65fc292cd59e633735c73e862a5131b5aff58b33,4245,2995,1805,4800,70.097169,,,false,false
live_1000,cex1000_dde35efed27f053be59dfb7a,resp_0f10a1e0bcb405ac006a6540f964cc8196a5b349bccb8150f5,huit_openai_responses_direct_sdk,gpt-5.4-nano,success,true,4fdc96c66fa673373800318bcddf4f683b99750deac3bcd78ed85d418f333639,9604,6,5997,0,0,false,false,false,c4821b52295866ff6a3a2c82abae9567f470dc6b0be71656d309d1e9dbe1c868,3253,2972,1195,4167,68.079295,,,false,false
live_1000,cex1000_6fbeefd4849bc03b4193c544,resp_0a1672631b16ca1a006a6541027ab481949fcf238e0c298c61,huit_openai_responses_direct_sdk,gpt-5.4-nano,success,true,9bb1b4bc86828da6a215e1e8fdd95c9569340e88ffdd528384d314f932460f90,9607,6,5997,0,0,false,false,false,6ebdf5a537ce5765aef64979f7ec827754c06b67c96678faaf57bcf1032e4fa9,2491,2968,926,3894,75.305713,,,false,false
live_1000,cex1000_5230c717551718b251131828,resp_002f56848a0f832d006a6541048708819494e1a11a54a4b29a,huit_openai_responses_direct_sdk,gpt-5.4-nano,success,true,0801f0aed131fa2042ccb60574142d0ba5f5400c6ae3f4ba0827212e0d3f138a,9602,6,5998,0,0,false,false,false,ad4a7a45f7884ab73e7bc2d1f70b4629373093dc3ea2a1ccc3e8fab12e31c78d,3216,2943,1028,3971,78.276915,,,false,false
live_1000,cex1000_51fef63b90532e9804215bf8,resp_071f64372f595f1b006a654109adf081969ced6a33947c87ca,huit_openai_responses_direct_sdk,gpt-5.4-nano,success,true,0e91b3637ff7a8a82a416f23f58983559b244b6a0f3379cf2a7c2292b5ab97c0,9589,6,5995,0,0,false,false,false,74ae95c2268ddf8c96a8c1c0b9b7a02aeefb52e9ce67887fd868b35eb2cc2146,3441,2991,1398,4389,85.738218,,,false,false
live_1000,cex1000_76ea8a540d28da3502c160d5,resp_0ed79fbb8a4ce5d7006a65410ca8a08194a3c2ef270cb221b6,huit_openai_responses_direct_sdk,gpt-5.4-nano,success,true,9aa58963750a7737d3ae83a72f14f38221b751cc4eddb3bd235aa3949265dc74,9591,6,5989,0,0,false,false,false,28f625f57b0c97438fd9b31747881294fddc197baaf5a4edb2c9d9e81dbd8675,608,2970,226,3196,80.826462,,,false,false
live_1000,cex1000_2c8b93e452a5ca3d3d120e0c,resp_04b792450566857d006a654110daa081938c0e444924f8e08e,huit_openai_responses_direct_sdk,gpt-5.4-nano,success,true,e123025edfd3652f7d0bf92abf571ae9d380dfd08ff9d8a3f3a701a1b9fe6e8a,9345,6,5623,0,0,false,false,false,4630889af6f17efdb8d9bc5123bcbc6e8fa86f8dd05c8d6ce032ba0f45a17e0f,528,3060,295,3355,85.392416,,,false,false
live_1000,cex1000_5b8284810aa8f41792da5ed8,resp_0dc0fcb9a01263b5006a654113cc608194a70fc0cd84322b0b,huit_openai_responses_direct_sdk,gpt-5.4-nano,success,true,79e44d9166a177da39477b42eb64ff52c0de3f66164fbfaec25bbc075753bc90,9600,6,5999,0,0,false,false,false,9a2a2e51d2df01dc869e4323e9ed61b66532032dd44b7c86411e85636e8e3751,2163,2934,905,3839,92.685463,,,false,false
live_1000,cex1000_0270cce4bbee05939f32d5db,,huit_openai_responses_direct_sdk,gpt-5.4-nano,request_failed,false,d14a174083fc77b4a17e79df4960fd95ab53e29e26a6e98919bd6049ed84d9bc,9585,6,5999,0,0,false,false,false,,0,0,0,0,175.741419,TimeoutError,,false,false
live_1000,cex1000_5fcf4a8ae0455d5c37d392b1,resp_0be342997a9c2593006a65416e3b74819097b89cf461c1d0f5,huit_openai_responses_direct_sdk,gpt-5.4-nano,success,true,8994f4fac7cb9a2a341127f82d511e6676ff88c833a1b09abc0743b87b21c0e9,8182,4,4962,0,0,false,false,false,bcfd0d02b82c140163807674b6388dec4903d073bbd033979aa8efe27e5eaaea,1296,2653,472,3125,4.048185,,,false,false
live_1000,cex1000_cce4a3b83b51140a95d90347,resp_0ed8a5185f677b8a006a65416e5404819689cb5cfb6f79072f,huit_openai_responses_direct_sdk,gpt-5.4-nano,success,true,77700881a93e1d1f989240a028a107a7b1b9ea4769ca5f8645465ac3c179dc73,9609,6,5999,0,0,false,false,false,1e9a64bf7869ed831885abf6b4c6fdcd87fde0f890fcb09fba9efc35c8231f8e,1697,2954,683,3637,5.580765,,,false,false
live_1000,cex1000_735bcdd5a34cd593fd7e365d,resp_0ebb799ee3c5cdc2006a65417236208190a8ce28a3f6cc7425,huit_openai_responses_direct_sdk,gpt-5.4-nano,success,true,fe225b41204e67a410f1567f40ff969183468ae1199ee8feda02c65540558cdd,9617,6,5999,0,0,false,false,false,ef83bbecb33b326d2c2168d3944bdfb70ef1fe502d080b77b695c7dc7f9eddc6,2583,2954,1012,3966,11.343929,,,false,false
live_1000,cex1000_515c2f6e9a5b1fd266ac372e,resp_0003e6e4dce7dbc3006a654173d00481969478315fe5a82cde,huit_openai_responses_direct_sdk,gpt-5.4-nano,success,true,af0e283edb26297152dd7b4cb119755c2065bf1d710b9021b1490005e5d4866b,9594,6,5998,0,0,false,false,false,68f64d0ec27776ba74a86cb08bf726f0249e5e8a8ffc8e65f7f282c646d9ab42,4637,2940,1613,4553,16.939296,,,false,false
live_1000,cex1000_bf9274d05e763aca7bef5340,resp_076d384ce98001d0006a65417985f88195a3dd27d08c5da4e9,huit_openai_responses_direct_sdk,gpt-5.4-nano,success,true,4b57052e1e64c9903c72a49f80a51aacaab10651ac518a9ab0ba68182863ab13,9658,6,5994,0,0,false,false,false,77108c7bf808f027099d981a58d5084756c800420ca679d8d473bbf5c24d3c24,3333,2920,963,3883,18.609478,,,false,false
live_1000,cex1000_5b85c18ac244b3f39e1f8b2d,resp_0ec5b988e085b321006a65417f19a48197926a6928e1d9d177,huit_openai_responses_direct_sdk,gpt-5.4-nano,success,true,d2bbc204be16bfaee0dc8664765c988eb2ca27a8e9e219e5ac84187280024bab,9696,6,5999,0,0,false,false,false,4056d41d08dee0bab870dc1ab857c6422a0a8e37505c8977e345201195cad92b,503,3306,181,3487,20.493498,,,false,false
live_1000,cex1000_c6b6ad205ff88f2438b3c97d,resp_05bc77c9fb1f1acf006a654180cc8c81979edef6cdf6abf98c,huit_openai_responses_direct_sdk,gpt-5.4-nano,success,true,6e6950186d9d5d414a7ccb15b3af1c42a041d2869756720da24952bb7ed8fd9a,9600,6,5999,0,0,false,false,false,c30300e5479d397a33ab29a566cecb00b2b8774965ef4d1c623bc5097a8691d6,3895,2989,1360,4349,29.189298,,,false,false
live_1000,cex1000_a1d9a51edbd3611bbd6db0fa,resp_073ea0f1af478753006a654182a07081978f51eae3be4ddefc,huit_openai_responses_direct_sdk,gpt-5.4-nano,success,true,e566d5d7a20d20d2c9ba6d9efaa921449ae5349d0cc06e9d74317afdd5dc05e0,7509,4,4372,0,0,false,false,false,c9efdcf035dcbb2983b62c87c0ff1a642be209885cd1618028f473b86c663767,3857,3680,1565,5245,32.497656,,,false,false
live_1000,cex1000_c5da56425991f4316e0d2d62,resp_0a8b596e8c068b43006a65418b5cb88197b07810eaf1f35cd6,huit_openai_responses_direct_sdk,gpt-5.4-nano,success,true,9666d8f91e51ef4e97619d67d2e29a82ef174d94efed4e665c41c5f7b9c6876e,8986,4,5803,0,0,false,false,false,117a0d2e01ef186fc02a7f705b4f4deefc6a0712d472da467a5ba091a6220688,446,2874,265,3139,31.734543,,,false,false
live_1000,cex1000_a098483d4d8fd43b46903074,resp_07dd4bdd002ab196006a65418e4c1081969dae30ebbac96582,huit_openai_responses_direct_sdk,gpt-5.4-nano,success,true,3e8c39a4232773f6eb17f776633052d01093238e98cfb757d67365b9cb1537b8,9595,6,5998,0,0,false,false,false,4a0eb1227109ab3f847a42f7da4bfff2a0c97f8ededcebe985d7d0f0e14068b5,6537,3038,2089,5127,47.654272,,,false,false
live_1000,cex1000_4849bd96f9a0001488c0649d,resp_06600ee3c1042697006a65418eac4c8190b83db57ccd733524,huit_openai_responses_direct_sdk,gpt-5.4-nano,success,true,7db360837dd0b2948211f1afc160a51974be8ef8a732166ec6a03ee96e3978ae,6058,3,3145,0,0,false,false,false,66571ede6e994194ab9182828cb7c0a1d5e15308ac13012a91ec89ce7cc6219b,569,2055,222,2277,34.777927,,,false,false
live_1000,cex1000_f241f225451de812680983dd,resp_0b983d9079555323006a654190f9248195a78fceb517265448,huit_openai_responses_direct_sdk,gpt-5.4-nano,schema_invalid,false,c2e5909e9ad4c955627825f5b675aabd09489cdac7ca488ca7bb9a2793a5a5cd,9591,6,5991,0,0,false,false,false,4b2bc9f76bb65a284740ccd76c58baa898f725e7ec4c77031a03c96cd6a50874,2826,3017,1049,4066,42.404028,ValueError,quantitative other lacks explicit base-pay reason,false,false
live_1000,cex1000_9f7154acb763322b0db19d6c,resp_0dcff161148bf655006a6541988d5c81908454d1ef6d2a22b9,huit_openai_responses_direct_sdk,gpt-5.4-nano,success,true,16f2b1f8aa8491a670f01761351e1bcf264c6bf5babf669295026b84dcb899dc,9660,6,5999,0,0,false,false,false,fbd32d6c98a9be8999e81133a3bb946d914c229c8200f72ac94dd2257c67a8f9,2012,2757,621,3378,47.663217,,,false,false
live_1000,cex1000_9f8ae509fef81f5136d99878,resp_0e9d08c9212d5229006a65419dcf3881968a672989656cb650,huit_openai_responses_direct_sdk,gpt-5.4-nano,success,true,4d4d2b17880550d7faf13ecee4e51c585ca3d464d24e1a2cba5953028d70c348,9654,6,5999,0,0,false,false,false,2781206f06acd7956a7dfe3204b7eefd011c9911f884fc8f7b333fc49419b5bb,2564,3015,1452,4467,58.579621,,,false,false
live_1000,cex1000_775d3d42f8ba99f7a4b7a408,resp_05f31ed582d2cde0006a65419dd5c88194ba5084c00e9cd31f,huit_openai_responses_direct_sdk,gpt-5.4-nano,success,true,d519928073b5f8bda6e48e320cc3740dbd69cb4d2654f5028b2d307a4c30a69a,9624,6,5999,0,0,false,false,false,79476226440a7e28dfa04310eb58aa476958176cf87c3d315bc3a07b26c49d4f,3120,3004,1032,4036,55.728107,,,false,false
live_1000,cex1000_1bb7e78b2586bda521086250,resp_029d2ec978816b06006a6541a5dfa88190b5f9229e71f57874,huit_openai_responses_direct_sdk,gpt-5.4-nano,success,true,5f425496a9d4f7c9b0068d638a7ea351131c1fccb1e8367b868ca3690d05e1b5,9603,6,5997,0,0,false,false,false,a19e2a9fff3cb192973900f20ca6c437baebef0437762baf224982b0e90ac175,2336,2978,752,3730,61.631839,,,false,false
live_1000,cex1000_5d234118344c3b2e7e1498bf,resp_0a9112b51f70440f006a6541a8b9d08193a655a76ca6836065,huit_openai_responses_direct_sdk,gpt-5.4-nano,success,true,2024716f398dae369cde4a0124ea37ce4d5ed18aeea29eacf9547cfa70a541e1,9729,6,5998,0,0,false,false,false,3dbc73e32167372cb24172119c051c2c3faa21b1e40dce5a2bb06e39454bd3dc,1053,3409,531,3940,63.072096,,,false,false
live_1000,cex1000_934e3b6c647f3ffd6081d62b,resp_0d253fde4ae0a155006a6541abe2f48193ab58363a57288631,huit_openai_responses_direct_sdk,gpt-5.4-nano,success,true,d0d7ef2cba466439566b47aac7acb5a8e631646c40a7bcee212d3ebffc0f6bea,9653,6,5998,0,0,false,false,false,4fe59895556e451f96f05b35798ce5a0086b4a5dd933d3ce6baa7ab2f441c7f2,3316,3071,1124,4195,70.488362,,,false,false
live_1000,cex1000_f158c740c4e0071b17d1d7b2,resp_07d2f6b187eb8390006a6541ad36b481939708e5f915d653c6,huit_openai_responses_direct_sdk,gpt-5.4-nano,success,true,945dd735ff7ecdebbad758ebd440790ca7f0aaed7cae0d9b7f890d5b13bf305d,5926,6,2418,0,0,false,false,false,8532a37b284a99b32f26901208d93b20bc0ac822eb8aaa3c800202f68ba5f210,2483,2182,827,3009,69.549029,,,false,false
live_1000,cex1000_6cbd34e4cbf3d137bb69bd30,resp_027ee0898e470252006a6541b3b3148195ba89f9cc602526ed,huit_openai_responses_direct_sdk,gpt-5.4-nano,success,true,4034c26f6e5d41146206970cd0fbfc4d5399f9a43c56f8da8b2496571b185f2b,9627,6,5991,0,0,false,false,false,9c42d9329fc454f08f5876553d9a82e7f95c36d587373c24449c4252ee8c2144,653,2919,264,3183,72.228152,,,false,false
live_1000,cex1000_a781f7c4e68131aec9d17720,resp_00333edd8e454a9d006a6541b4a290819798082e589ba8de48,huit_openai_responses_direct_sdk,gpt-5.4-nano,success,true,7f3b8b5ee0793913373096df82c56dee41eaefac09afc59d351b8482d634dce0,9571,6,5994,0,0,false,false,false,456a95c5a5458d718b4cdda96d54128a5ee727da2beb121edc7e4555bf9d9004,3258,2695,1062,3757,78.278348,,,false,false
live_1000,cex1000_f6735823d5bfb128eb36a560,resp_05a8045724994a99006a6541b660bc8193b8f0dc19a92352a7,huit_openai_responses_direct_sdk,gpt-5.4-nano,success,true,0030f10ebd73bd9b4439f03f1de381e4b300ead0ea224f8e555d3068814adae3,9721,6,5997,0,0,false,false,false,be212e9861f1096528b9c30ca0808c37d6d29f95bd9a64c49af59262c27fca0d,2748,2831,765,3596,78.331510,,,false,false
live_1000,cex1000_53e048c29859e76538235a1c,resp_0f1ab5be6a83852c006a6541bc783881939cd9d63236bf0012,huit_openai_responses_direct_sdk,gpt-5.4-nano,success,true,703d7e699a2b3cd7c90f9ae659602d3be58ec6c2e92c25655cb085c234d387f9,9611,6,5990,0,0,false,false,false,7d9c09f27033098228bfa44a4b4d9b8759174c1b3951e109abf8c4f0fce7b777,615,2756,295,3051,81.240960,,,false,false
live_1000,cex1000_5918311f168b588e43932852,resp_0b4b81d816514873006a6541bc7d488194b4c56f06e8a3e552,huit_openai_responses_direct_sdk,gpt-5.4-nano,success,true,50aaa0d9604f1a6802ec25497129ea81c7c9d8b914f3f17350b8e688fe7d4122,9644,6,5999,0,0,false,false,false,3fd435a52bbeba24ddcd721209a2948bc5d98ffad56f9cfd364d2e10e129233b,2493,2990,798,3788,84.565052,,,false,false
live_1000,cex1000_e730fe2a33fca9494910047f,resp_0d24a412a3f4b7eb006a6541bf613c8195818a161c7d89894e,huit_openai_responses_direct_sdk,gpt-5.4-nano,success,true,a728938d4647ae1fabba41b9aa70e0c77253d6412248d7cdebf62328733ded0a,9649,6,5999,0,0,false,false,false,213a7179b33cead8321ff616095a2ef82ab581527db2a5528fb5c5c1fe5da6dc,2929,3619,874,4493,88.063222,,,false,false
live_1000,cex1000_5f91233c132ded755e169d25,resp_008233c3ce35ca29006a6541c66b1481949c76d3f5f5319137,huit_openai_responses_direct_sdk,gpt-5.4-nano,success,true,46d2c909b0e9c521f26f9056e0b364a59bd5024ae5cc8fbce5d6ee2217a920f7,9745,6,5986,0,0,false,false,false,bd5b833190f1dd0ee486d6d4271c8ad289f52832d48faef307f1c6f1742e9715,459,3246,166,3412,3.295105,,,false,false
live_1000,cex1000_5b6d161f0b61ac989baa63a8,resp_0650946d83e6ddae006a6541c6695481939cc9a09aa0e01312,huit_openai_responses_direct_sdk,gpt-5.4-nano,success,true,1b460cbcda42003e656ea441c83a6cf5e7493890a4fec035a93b377cf0f5af0e,9572,6,5975,0,0,false,false,false,89979b26d40af8469c14499c385a977fa56dcbf766e121a731b803eb61e1103e,645,2942,266,3208,3.919786,,,false,false
live_1000,cex1000_dcf6b25ac5a18c5909aff127,resp_0f939410eab4eabc006a6541c985a48196a212e27ec17924b2,huit_openai_responses_direct_sdk,gpt-5.4-nano,success,true,cb474d60bcaadddf86a896271fd71b94888c00cb7dac13a1adadacec4fb47096,9612,6,5999,0,0,false,false,false,f38ceb016539c12150b131e3323e44eefe42b2f4a1ae43582564c5e83a064bc1,6553,3010,2166,5176,19.148987,,,false,false
live_1000,cex1000_e951016a7a2ab214c7c398a7,resp_029f230b6e9ffadf006a6541ca2b148193b3a1283cb2f4c9b1,huit_openai_responses_direct_sdk,gpt-5.4-nano,success,true,2c53ddb4b181cdb3137a7cea47c6f8ebd7f7dc6f407ebc412c628f443f99c27d,9597,6,5998,0,0,false,false,false,37c760d75f0a98fc108f6038efbdac8a198919265b817a0261f6d54cd5ba4371,932,2979,611,3590,8.827908,,,false,false
live_1000,cex1000_1d40ad6fff7b16d46687819b,resp_0714df92c7f1190d006a6541cf0d648197998d6424faa44531,huit_openai_responses_direct_sdk,gpt-5.4-nano,success,true,dec4c4bcc00c724499395babfd847aed0d65cad45508902be76f5cd26c41af0b,9622,6,5995,0,0,false,false,false,7d2afe7ade3f5b620ab35d2c9763e58c4b1cdfa3f162fe99cbfa5ede36b13b5c,1014,3029,413,3442,13.062550,,,false,false
live_1000,cex1000_837a6409d75caadf340959e9,resp_084edeae069198f9006a6541d34d988197951f95d37a645c15,huit_openai_responses_direct_sdk,gpt-5.4-nano,schema_invalid,false,024c35088439eed74c68df325fb3dee0cf93e3e90e87d8f2adb5a8772a73606a,9766,6,5995,0,0,false,false,false,57b2d0ad5074599144531b9653697779c2790c808066ac03c5f7f275aa5f7b38,1921,2969,756,3725,19.023673,ValueError,mixed_ready requires quantitative and qualitative sub-records,false,false
live_1000,cex1000_b5180f7be1c2191675849676,resp_0d7c59cf0a249b3c006a6541d9482881968cd6dfdf9b58aa91,huit_openai_responses_direct_sdk,gpt-5.4-nano,success,true,a78fcbb26f9a7316b4047d7e731ff0ccbd01f86dcb14399427abac0d44b70b08,9610,6,5997,0,0,false,false,false,5366feb3fdfc3b998a93588d1493f0c8a9e8c20e98e27c822460aead2ddde720,1357,2942,618,3560,24.111689,,,false,false
live_1000,cex1000_3e706a12d7edd7381f8102c5,resp_06f0e0b1f5297e69006a6541d95e5881909ebcf509fe70fcbb,huit_openai_responses_direct_sdk,gpt-5.4-nano,success,true,8c04d770e4f9194b3c98844410040ccbc3f07d0cd677ad4a5cc23fb3326b05bd,9598,6,5994,0,0,false,false,false,bf9fa60ed6830ed60afef77ecd4d8f73474780bd67f1c403f97ad5826e51b009,2963,3040,1103,4143,27.655611,,,false,false
live_1000,cex1000_5acc38eb58b1d356d8f701b9,resp_014f8f5d6e2a1489006a6541de59448193b955bdd406244575,huit_openai_responses_direct_sdk,gpt-5.4-nano,success,true,8add3c385cdbb1d7f25e3821494c441152f8c2ea976bd9080917bd2b80a08fa9,9644,6,5999,0,0,false,false,false,6eb1441d6eaae9ae8e4dfbc684897e0117a65440ad4fcbc0d0b20c6753811cdc,2646,3028,880,3908,30.222715,,,false,false
live_1000,cex1000_ef0a4c1234c60d5c9c1bfae2,resp_015625accaefcbec006a6541e1df408197bcabf372bd2565d8,huit_openai_responses_direct_sdk,gpt-5.4-nano,success,true,bbf95f60dbd080eef16f2eaa8fa5b756abfc677dd0d227f5ca1482bcc8161cae,8408,4,5169,0,0,false,false,false,f786a5d2ec67c3dc85f31996888fe5ac31e011b7c028ec8c2cd0c8ce6999bb43,1423,3114,510,3624,32.473358,,,false,false
live_1000,cex1000_5271961aa18ab210446a9b92,resp_09153fe32bd83294006a6541e473548190913954414620fbc7,huit_openai_responses_direct_sdk,gpt-5.4-nano,success,true,bd06f892af3545d1cfd0e09b65a426a01aba681d72c2462a1d55a1793c2b7749,9018,4,5755,0,0,false,false,false,864bfd7c2fbd1dd25fdb8f676802f735341887c9611c5197bf0049b9ec6c5ee9,3162,3222,1146,4368,38.557033,,,false,false
live_1000,cex1000_1b0d154ba330c963e9afa54a,resp_01f483a713eb8411006a6541e6b5048190a5f66a21c06a2052,huit_openai_responses_direct_sdk,gpt-5.4-nano,schema_invalid,false,0fcea5e63ea6ea0c79de270c1eda4494e2dec1c09a0e1759263b8f5a58fe5a5c,9594,6,5998,0,0,false,false,false,27f3129c84be57e369837339bb428528ff42fd67ec422a41f91528e608a37084,3954,2977,1327,4304,42.203809,ValueError,non-base compensation is in quantitative array,false,false
live_1000,cex1000_87a8f6ccee28357aa1096e55,resp_03d79a216bbd416c006a6541eccf6081978013dbc145a5e2c6,huit_openai_responses_direct_sdk,gpt-5.4-nano,success,true,e2a738a31348141365186d90ba8adad604690b23b7a2a2d3212c35b2880dcbd8,9580,6,5990,0,0,false,false,false,d4f23747a42c06ea77e67144a0185704073ee7cad3ba8143e3b2690010a41266,2219,2867,780,3647,45.601836,,,false,false
live_1000,cex1000_342ab531be538e339cd57fe8,resp_0464eb77fa1e1bdd006a6541f0758c8196ba68b13d3d5d4aff,huit_openai_responses_direct_sdk,gpt-5.4-nano,success,true,892f98158fba178042e0b82fd3465144e7877a18911fb3af864afecd065636e5,9571,6,5998,0,0,false,false,false,3cea5b92d6d512f99c4cb8580b2b4c9d337efdb4c88dfcc92ec27faa58ccbdad,2849,2863,1022,3885,50.180171,,,false,false
live_1000,cex1000_e39931c187a4b00ebac7b54a,resp_01b01fa2b22b6b0a006a6541f3d874819691b10f0e3c1ff0c8,huit_openai_responses_direct_sdk,gpt-5.4-nano,success,true,cfc4edaf0f04a389cc1c92d35bbf687dcb62a940bb658fa5c0e368d3f6472301,9626,6,5993,0,0,false,false,false,f8dd1d3d5dd39e50c8ce52f5c7e8ef55bf7ef5ebae5080147b3d5ac6590eb868,952,3022,324,3346,48.799047,,,false,false
live_1000,cex1000_a7be9d0b29264dac7bb98f79,resp_058f81d66c0fae70006a6541f70ab881939a2468fbbf04c6b2,huit_openai_responses_direct_sdk,gpt-5.4-nano,success,true,ae5e7fb6c217cc5d8380009797c8b191d5315e987539ac7af9e553ea3776b5f3,9597,6,5998,0,0,false,false,false,5acb541f7696750c10f3da79b58d4f5283e84f264cd6c6f1f2cb437421718e52,524,2956,193,3149,51.048410,,,false,false
live_1000,cex1000_bd267fe7d4196aa75a2b7ae8,resp_01a065e4307a4e65006a6541f86b5c8196b058b49e290c6e42,huit_openai_responses_direct_sdk,gpt-5.4-nano,success,true,9ef37ef5ba0210d070d8abb3ede691c004d873060247a1c91e0b25516d3f6192,9597,6,5998,0,0,false,false,false,63eee2c888c03705f318d6db931d9c18ec3d776aab64b0a7c8603903f2b9a9b1,1435,2976,549,3525,54.868582,,,false,false
live_1000,cex1000_babaf35a971f41b13b228b19,resp_01b42a538a72967e006a6541f959d48193b83b2c14871043bf,huit_openai_responses_direct_sdk,gpt-5.4-nano,success,true,50bb8b3de64236c77d728a87a314f4aaa45e450d0bc92818b5e0b8193989acf9,9394,6,5764,0,0,false,false,false,3234ca059c9936ba72155d27834c2986397981cf36335dd27dea7a972b9ca964,646,3076,308,3384,55.849108,,,false,false
live_1000,cex1000_d7cfa0f57a60a90ddb178361,resp_0af055e7dbf43f76006a6541fd21288197a5c41c9f4c01d0d5,huit_openai_responses_direct_sdk,gpt-5.4-nano,success,true,a267ea45099ef3017d02fcac9ed363bd7f43943dc8edbf8354ebe3d4a6f735f1,9615,6,5999,0,0,false,false,false,23118a0e9011b980b23411519807f1983d048e89208e8b991cac23cd62f97f75,3262,2839,951,3790,62.795758,,,false,false
live_1000,cex1000_5b620ddea68a17914f1a69b4,resp_02872b5b01b19e7b006a6541fe16308196baed0da2cdd4d684,huit_openai_responses_direct_sdk,gpt-5.4-nano,success,true,cac045bd3aa05cd0b6677bd4300a5dc62daa8d4ac451087f418169dab8c43933,9631,6,5998,0,0,false,false,false,7ebb7d058767e272f0ab50e6bd0d4ab141adf44add56ecc9d34d93fcd554a125,3396,2897,999,3896,63.602385,,,false,false
live_1000,cex1000_b2d9c0f63ce6e88a7d74be14,resp_01efa61364660897006a6542050ae881968e7433527fa84abc,huit_openai_responses_direct_sdk,gpt-5.4-nano,success,true,561ad198b164cd2c996e3e55377883a347101119ea97f6eee38f947e6827c2e5,9568,6,5990,0,0,false,false,false,0b243ee39560bc09277dd19aad0c3c7265623c2583aece1f8e6f341277c476f9,3643,2909,1233,4142,72.062019,,,false,false
live_1000,cex1000_428982a7c7d52e7ad7b9ed4c,resp_0b99082bb0453e82006a654205d8808193a3d9fb61b50d271f,huit_openai_responses_direct_sdk,gpt-5.4-nano,success,true,9752032cd12f9418aace0cc8da362e58d6454725648bbd62abe74fd3d7f3caed,9608,6,5998,0,0,false,false,false,64ed6b1ac405c323d198f01511e958f4327bb30b81224efbbfc82e1abe4933c9,512,2971,245,3216,66.225495,,,false,false
live_1000,cex1000_332d52ec37c0cee3a42cdfa7,resp_083a207549d90ef5006a654208870881948e4c192d3ad0cc53,huit_openai_responses_direct_sdk,gpt-5.4-nano,success,true,52ca162ae10977e521e948b4fd55cb4b3baad0b49fdef97e8ac21ee10c4b5a06,3974,1,1497,1,166112,false,false,false,8c370156ad9a869b853425aede05bf33a840edd90b68ae4fdc92b29e7bb9a6cb,2507,3055,646,3701,71.597376,,,false,false
live_1000,cex1000_102e6345ebd70d5e759e2a3e,resp_0a4587cffaa406bd006a65420dde44819083c7cbba2c8f73b7,huit_openai_responses_direct_sdk,gpt-5.4-nano,success,true,6b3d364e5d83847d839aa779b9ac2e35b9856c2a6fb1ffbe2f6a9622995a9fdc,9601,6,5999,0,0,false,false,false,8f3c8950ca66412f7514e89beef2fb1263cb7a404a4c16582140eaac0ff18443,2555,3101,946,4047,78.807553,,,false,false
live_1000,cex1000_f689ce3732fcb65499903e12,resp_08bc7fcb860b4b63006a65420e540081948262129ac5c64a99,huit_openai_responses_direct_sdk,gpt-5.4-nano,success,true,b90d498950ca8477005d4435351f4dc34f5bb0e54d1687e546ee870a79ca5de9,9628,6,5999,0,0,false,false,false,cf8fde8e66eac89832a4dc9a22e4db2aca2c44080a7e8eb35107758fbad06fc1,2685,3046,993,4039,79.681515,,,false,false
live_1000,cex1000_a76d428266067b726243dbca,resp_0ba063ea7ffe2915006a6542161ab881968cca50a431c7e5b9,huit_openai_responses_direct_sdk,gpt-5.4-nano,success,true,ff79017ecc3cd2130a872e5e584efbc0b93358971b22ecfbcccbbceebbd8cead,9602,6,5998,0,0,false,false,false,941192d8aa6722dd5e90fa3ba237561180e1807c917b3b0156800c89dd6b8f13,3022,2963,878,3841,7.245727,,,false,false
live_1000,cex1000_c0724ba4dee667d44b600ec3,resp_0fd76c45c9c6d4e6006a654216167881948061383d9f9af02e,huit_openai_responses_direct_sdk,gpt-5.4-nano,success,true,a9a14653113edb3a9d18834d42a09223e9ec6f7a1b2447d34ca222165ae7f3b8,9620,6,5999,0,0,false,false,false,ef9589d0cc8d8197e25859a9a69bc4045a01202381c8d1a21f21c0a240f07847,3333,3049,1195,4244,9.326276,,,false,false
live_1000,cex1000_6e23e5fec9ebdb6877083504,resp_02670bb540ce22b8006a65421d31c48195aaaa80b0efa6d690,huit_openai_responses_direct_sdk,gpt-5.4-nano,success,true,7d82ee87ccfd5d2e1af3913458218d903529cff97e1cc5c0e875781fa08dc2ef,9604,6,5996,0,0,false,false,false,5bc10ffb40b2e5074de050b0b9a64fc415231e3d642f84cbc8d12faa9dce12bf,2643,3079,961,4040,14.702268,,,false,false
live_1000,cex1000_39f21ca8894390e637a128e8,resp_061abcc8c4a5b152006a65421f43b8819596961dfdc61c2561,huit_openai_responses_direct_sdk,gpt-5.4-nano,success,true,5f58e6b4516379d74f1dd2f116920c4b651ef7a3225d6189353f5eae1ab5b463,6412,6,2900,0,0,false,false,false,b022564fc79ed19a77a4df6b4c2de642f25a6a89c6c4b1fc8b65e6fd2a941052,2307,2332,669,3001,14.619761,,,false,false
live_1000,cex1000_1f3d9402d619588752c77e46,resp_01a862ca774d96f5006a65422493b881948d6c17a5fa2e71a6,huit_openai_responses_direct_sdk,gpt-5.4-nano,success,true,5ddc19abaa73d456e4582833d5dd8ee43a3c1a256e1799a6aaac5f17c23d8607,9631,6,5999,0,0,false,false,false,ab2c10a40e7bb0f2affe94520a74a1d1f89ae317505fbafc5706f27e9d7d2387,5964,3416,2048,5464,30.094348,,,false,false
live_1000,cex1000_3d0f06e2cf539f724d80f59d,resp_0a125b016e3eba46006a654224b9b88196b340d4df0b3226de,huit_openai_responses_direct_sdk,gpt-5.4-nano,success,true,0e7ebe57756f4923323a1521fac68dbc7afc7d3884b6e6cc1e418ef9c46508db,9586,6,5997,0,0,false,false,false,9d6350dbcb11c4e7fb9e72f7a257230d1b868bb22aa7a0a5aa9e46c7a1352627,1590,2898,606,3504,19.874869,,,false,false
live_1000,cex1000_894a9226bcf94e822f1e18ce,resp_0b687934077d0d59006a654229d47481938964c9e69c639cb5,huit_openai_responses_direct_sdk,gpt-5.4-nano,success,true,1ae65c93676493fd12da91b698654fd1a0d5a97e51bc255f3f20c9cfc37981e5,9586,6,5997,0,0,false,false,false,58686b442f5f60f1115b9d4a3bc2c22a6ff379dc51f775596835111d609716e3,3373,2999,1135,4134,28.689226,,,false,false
live_1000,cex1000_c38d9d3e07017557e85e01ec,resp_0ae9643392f8e6cc006a6542329e84819498aaf076917c4542,huit_openai_responses_direct_sdk,gpt-5.4-nano,success,true,7de89eea94f3c37f0980432e5e3fc75f38576e34786e8b4da21f0f7a220be4e1,10206,6,5999,0,0,false,false,false,c1feef0e4cee025e47fffa23eb8e13ea9592fadcc93797a4bec5fbce736577ca,2116,3750,755,4505,34.933087,,,false,false
live_1000,cex1000_b9d96cf87b1f0b7cf5c35375,resp_07fccaf37c841943006a65423409408196b40ddb3deddd2cb3,huit_openai_responses_direct_sdk,gpt-5.4-nano,success,true,1adef9d5a6c15b0aabe0a795e15dce9d4cdfb6c14439f4803e30e22679542275,9643,6,5998,0,0,false,false,false,4714423a4d3e77a85253fd013bdd02df261a2b18b402ceb337188e1b3652a4fe,3526,2986,1059,4045,38.684032,,,false,false
live_1000,cex1000_963e649fed5dee94248d8b30,resp_03f897056ad19f6b006a654238e06881969af89eda715f5aa6,huit_openai_responses_direct_sdk,gpt-5.4-nano,success,true,462c0154b1ab7d089b55368afda416ed531ae9687534c7c3d75e31ced6cdfa68,9586,6,5994,0,0,false,false,false,4a5349ece4a806271d73331540dc1d55d471f26271752aeb8de73424235bc84c,3245,2976,1083,4059,43.127031,,,false,false
live_1000,cex1000_b193bbff84f7e530cc1be034,resp_08861a6576dfa43b006a65423ca5448195be6a8558e1f04990,huit_openai_responses_direct_sdk,gpt-5.4-nano,success,true,12d836477e4e02235c9ed09e416130bf69df3355a1c549b183f20f9ac053cbb5,9584,6,5998,0,0,false,false,false,8476ab301cbfab8196781af5e12ca61bb03a1515508fa473c6a4a5609085762e,1188,2972,514,3486,42.882382,,,false,false
live_1000,cex1000_9f552e401585399cfd191e6a,resp_08e2c0e658b85bc5006a654240db0081939256facc0a4d0a06,huit_openai_responses_direct_sdk,gpt-5.4-nano,success,true,af0b5a2250d6b68f9d14da98dcca0ace72f4b64c9211e059a10f7b8e885e8c76,9595,6,5999,0,0,false,false,false,d6095e6c7bef19f3f5745b76492b3a0c3aaaebe969eac759bb16b9f3eb8c604e,2621,2969,1057,4026,50.834611,,,false,false
live_1000,cex1000_96c39c50fdee03efe699009d,resp_01d872044379055e006a65424121248194bcefaa072ceae297,huit_openai_responses_direct_sdk,gpt-5.4-nano,success,true,cc309cf1fe5fb38b8eb8b2a4069eb445c7883caceab06a7b4c6f1b0df8269d74,9597,6,5998,0,0,false,false,false,c0eb611f4266ea3f97769367d22d3babe9cb7f63d1d68529ec5e200cac3d826a,968,3114,407,3521,46.851491,,,false,false
live_1000,cex1000_efcdb4a462a4a104fe8584f4,resp_025fd6a0678a615b006a654244c8b081958dfce334954038c6,huit_openai_responses_direct_sdk,gpt-5.4-nano,success,true,455500af4af2d2cd7fdf93e7397bcb08a971aaf95d478b7b061163a625b5d28a,9594,6,5994,0,0,false,false,false,b9b4f287580a5b738f5551ab16587c10cf6a0dc747539882f7f20f9c1aba3e92,4236,2986,1815,4801,60.096295,,,false,false
live_1000,cex1000_4643100ed834934f8b8f3910,resp_0f43b7ea1375105d006a654248c6b08194939570b4ec3e1352,huit_openai_responses_direct_sdk,gpt-5.4-nano,schema_invalid,false,a5e759f806e51bef5371d06b63f2cb7f34efefbb3207c47ffcca5eec1a749456,9629,6,5998,0,0,false,false,false,6d9fe29a792812bef1e872620a8a52703bb4eae5d60ed8908bf55df1e53e4c0a,2404,2999,1090,4089,59.062352,ValueError,non_base_wage requires non-base-only evidence arrays,false,false
live_1000,cex1000_31eee646889ec1f5f9c0f659,resp_03f8beaaf36cb721006a6542511468819088dae98969bbe288,huit_openai_responses_direct_sdk,gpt-5.4-nano,success,true,1ad11616f0bf16e21c0970dc8adb359f3115721adc18af5ba2f545f5384b5472,9605,6,5988,0,0,false,false,false,8b319e04da5b71381334ec5088dbcfcc03042da17e4884336f238b0fb9b1fd00,580,2794,174,2968,61.204666,,,false,false
live_1000,cex1000_ceefc883e568ebde3b64cd8b,resp_0b18b3526e4b6ca2006a6542520ef88194a7c17946ee1388ac,huit_openai_responses_direct_sdk,gpt-5.4-nano,success,true,007651745bb79cb5937365a3cae634ca7793e7301a5f7b5609ba530419845756,9612,6,5999,0,0,false,false,false,b4e583eaba583d645821a9a1ff3082f86dd36ee3eeb92c4a6971afa668ffe322,513,2717,180,2897,62.220013,,,false,false
live_1000,cex1000_0d01a7f1aef92314163ac432,resp_0e883bb5ea00efd7006a6542532f748193bbead507110825ec,huit_openai_responses_direct_sdk,gpt-5.4-nano,success,true,ba956fd54e68229c628a8be58459a342f3bcb8d890c14b09447d3bbc9debd65c,9585,6,5998,0,0,false,false,false,b8d85f098e1b423f9de40271e0331f9088ac34827f86a239e225b0453cb85e5d,2021,3056,661,3717,66.769205,,,false,false
live_1000,cex1000_f066e73443b4052bca5a8171,resp_084e00a698a0fbce006a6542542b9c819592a10e0f0cfea52a,huit_openai_responses_direct_sdk,gpt-5.4-nano,success,true,b7265187284663f59c55a12581e349f4b5e630b0d68cb9c1572e1db250305dcb,9672,6,5999,0,0,false,false,false,b4f2aa836d01ee61dc035a59c9894e7ac37d805bb087f66dd58776295ce78b98,5845,3481,1847,5328,76.157901,,,false,false
live_1000,cex1000_88147a234156cef7868211b7,resp_02cf6756c57fbceb006a654258c4148197ae10af54a96fe598,huit_openai_responses_direct_sdk,gpt-5.4-nano,success,true,5b17272a232b22456b4f22a4e5b80cb6ab9e38f3fb0a598bc391f569ba091191,9630,6,5995,0,0,false,false,false,76fbf28204b52cf970f88fed712146f17f6f7eb8ad7921396254c8193d3ad53d,4460,3110,1915,5025,80.939299,,,false,false
live_1000,cex1000_42eeb6e420342219930c10ea,resp_07ae3a0fc6670e47006a65426219c481958ef6d690fe784e62,huit_openai_responses_direct_sdk,gpt-5.4-nano,success,true,60a32c116b8740aec8257c56c0fcb2b5fb376f3c41540d87a721c71c34a19451,9636,6,5999,0,0,false,false,false,3a413587aac42c2ccb7e00d929743451814512909669b74e0f1d5c19a05624e0,1142,2758,536,3294,80.779157,,,false,false
live_1000,cex1000_8ca030649ac8813242b34908,resp_0756fd323f23c6b3006a654266d48c8196b6b8b0aac83d5af1,huit_openai_responses_direct_sdk,gpt-5.4-nano,success,true,1c71320049e4d1a2a981d93ce530102da800189d05d981b9d5986931a8c6fe54,9590,6,5998,0,0,false,false,false,7cd1f01db3be0f0a3b0230abcd0c9b2d03c4fd2e0b1fd229659bf432f8757d08,878,2952,492,3444,85.087464,,,false,false
live_1000,cex1000_f38e4a1480dc5394d05e505b,resp_05281f19a8ebf17b006a654266e3f88196aa74eb9234da5715,huit_openai_responses_direct_sdk,gpt-5.4-nano,success,true,d99087f6fb3eacc6b71fc5e72508bbe7c34f9a31aaf54f7bde656c40d1988b5c,9585,6,5997,0,0,false,false,false,67c146a7d10c6f99e5a14959e85e4007494cba4d550480f44d8dfc103897ffbb,1044,2733,428,3161,84.672260,,,false,false
live_1000,cex1000_0384c50ef8303832e3320ec6,resp_0ea357c1c394d9b0006a65426aa1fc8196ae4017985926dba7,huit_openai_responses_direct_sdk,gpt-5.4-nano,success,true,710dce399d0800e09442dd64b6ba83789aa6a312cb131f7cfd3b96a48393a162,9597,6,5999,0,0,false,false,false,d6bfe765118a727653f30ecae9928b235afeafac27e22d43a86283733e18c5f1,2522,2693,1201,3894,93.984792,,,false,false
live_1000,cex1000_44496fe5642c832a34ab4784,resp_040c2ee763041af0006a65426b0c4481958113a729c61a573c,huit_openai_responses_direct_sdk,gpt-5.4-nano,success,true,74d1476ed726b547a19db07947db26d053820e9f5a1fe7d409b9bf24051720c6,9603,6,5999,0,0,false,false,false,0952f5a4b0d79a3a004fd29d22d023cf9744e39e07c853b39380eeee6cd97259,2560,2935,1046,3981,93.140238,,,false,false
live_1000,cex1000_abd2e7d20e6821eb8dcaeadc,resp_0d3568b15e27d691006a6542740bc081978614a92aec84b921,huit_openai_responses_direct_sdk,gpt-5.4-nano,success,true,89261ce24bcb4c029862dd66c7c49283cdd18c87f1e99bbb4dd6fc6e3ddad16d,9592,6,5998,0,0,false,false,false,f4d0701867200fe64124bcf50e1073ae2548477d8cd427b23844eb41d25a15ce,5661,2866,2113,4979,15.294262,,,false,false
live_1000,cex1000_05141b9ad9c78b9478ae3142,resp_0a245b18847a2a54006a6542740958819685d4659d88f74e01,huit_openai_responses_direct_sdk,gpt-5.4-nano,success,true,04259533058fb8c017324154ccac8285b4cd519bc247fe8c64a5bc23f3c013ea,9625,6,5997,0,0,false,false,false,0b52cf680fc1819650870a3b780f42d355e78c2c33a109104d184adb1d70c4d9,5692,3169,2057,5226,16.846975,,,false,false
live_1000,cex1000_4317ce3f9130ce0b2b591ebe,resp_00c506e375dd1a31006a654283418881909e1b79341c112646,huit_openai_responses_direct_sdk,gpt-5.4-nano,success,true,0ca11d0a8853f1b8bcc2a4a5754024c9d417c19401054693c18afccd5d60c063,9658,6,5997,0,0,false,false,false,b022e957a5516d53df90d78f4c1415c8bc47f8951649ff35590a75a996a0c027,6031,3058,1972,5030,29.340752,,,false,false
live_1000,cex1000_7c914e7bbf7cbfc9714cdefc,resp_0696801ddfd189ff006a654284c688819682a75601d5fc0ef3,huit_openai_responses_direct_sdk,gpt-5.4-nano,success,true,7a020f4f49969d2a38f1a3890f6be51ee004ae6ce9ddabb7a8c74d4a8b691f52,9627,6,5999,0,0,false,false,false,f0848311e92433361f70a9f77cceb106f133a775056b76bd9eabcb8a64c04a6c,4115,2978,1392,4370,26.973247,,,false,false
live_1000,cex1000_6a7da92b12677a3d10e21623,resp_06fe055cb5f4ca9d006a65428f0dd08194b0f9ce2b1d226755,huit_openai_responses_direct_sdk,gpt-5.4-nano,success,true,49cca5d72ccb8c055aad2c5413d322900d3ce69bb277d2293516e5c4b3d60844,9581,6,5998,0,0,false,false,false,13c45ff650ff0084ce1b69591bd339d56277d91e66ae61511c3c624bfa87f0bb,2748,2975,1194,4169,35.933757,,,false,false
live_1000,cex1000_150f3ac41a7919533b202cc2,resp_0a799e494fb495f2006a6542915dd081949c0e282978cd0df2,huit_openai_responses_direct_sdk,gpt-5.4-nano,schema_invalid,false,545875619887bd5a88126bfea6ba19517797e94af496ec2d38c0015b5ba5e904,9587,6,5999,0,0,false,false,false,25a932ae43f8669c9e25894e8d908b191c2e3c20e407d446221b19b950069a0f,4589,2862,1484,4346,40.936165,ValueError,non-base compensation is in quantitative array,false,false
live_1000,cex1000_0637d097d78d15ba0db586e9,resp_0ddb2cbb69754f86006a654297e82481969cb218db0ce470e9,huit_openai_responses_direct_sdk,gpt-5.4-nano,success,true,36ec9a0c181da3ef7ccf58c5f066abd87d162ee29bf43e3d7d1d2131a9887200,9611,6,5999,0,0,false,false,false,3cd301850bf4db84525f1537e260a44dbca0111d4162df926560a81a753210ae,535,2821,246,3067,38.329493,,,false,false
live_1000,cex1000_1ad10445c20bf0f488546915,resp_0f1b1fe76344c108006a65429a48e481958f3981f9366ddad6,huit_openai_responses_direct_sdk,gpt-5.4-nano,success,true,6806405b540872e14b13d58e6e9f40cd38a0d504c15ef03bf3be95a0d50d219d,7940,4,4774,0,0,false,false,false,ade0463fc650a21378f706c174ec1e3c81b55665ed9acb1b26476f428c3aa933,1584,2740,700,3440,44.120279,,,false,false
live_1000,cex1000_c0120d13fd85e9999927dc33,resp_0105ecf069ea3cc5006a65429ce2288194ae76a5e3e6e5a71f,huit_openai_responses_direct_sdk,gpt-5.4-nano,success,true,4e67defe0083e644fad6ce89fda6c215ccb3f19ae886552acc8f47a04148f2a3,9607,6,5974,0,0,false,false,false,cfe9dccb0a6e82dbcf309d9fcb52a10457ea78ce1726a285beffad2bc6e0d69a,3886,3038,1443,4481,51.963475,,,false,false
live_1000,cex1000_abd5e2af5033533c22dc23ce,resp_087774bbfe359d29006a6542a0129c8197a41bc5006975ff4f,huit_openai_responses_direct_sdk,gpt-5.4-nano,success,true,023bd40e972fb474f39a0b43ac1ed58f75ddb8f63358e52dfd93bba2fe252dbf,9643,6,5988,0,0,false,false,false,ea473076f4d8d037d0956b54d404430165e9bddc85d6999ca965484a4e0e8f47,4018,3049,1232,4281,53.112294,,,false,false
live_1000,cex1000_384dd3aecd1c5da1a06ae004,resp_018607ea3ec8fcf3006a6542a7f1cc81959e85d403d0161cfb,huit_openai_responses_direct_sdk,gpt-5.4-nano,success,true,22b055ade017ff52f7561879b8e7303b087fdb2d42b38c0573fa0d415b750f10,9678,6,5999,0,0,false,false,false,c919d3c7e69536f3648012fa6a320c36f24129c3b15d4f7f90a7c9f24a9634d6,577,3110,272,3382,54.662778,,,false,false
live_1000,cex1000_828b842fe27fb9a84e7709cc,resp_00263502d63cd529006a6542a91880819783d19362dfbe2e89,huit_openai_responses_direct_sdk,gpt-5.4-nano,success,true,efd2d5c47bda7ef41d2ad486b231f81277446fe16c7c5078631a21ac90b9cad4,9584,6,5999,0,0,false,false,false,46054f45e3efefe81835dada40e9327cfd431410d048d55ee5795c5b1a774682,503,2738,200,2938,55.370624,,,false,false
live_1000,cex1000_c259f1f221385ce4143ac4c6,resp_0f8b036db2acfff2006a6542aa9c488190ace7115737297ef6,huit_openai_responses_direct_sdk,gpt-5.4-nano,success,true,0877b6e5be71e44b217997048443e0ea85f2929112192617fd5d15ffa21f5246,9617,6,5999,0,0,false,false,false,20ad1ebfe782e4a01a225e27d66a4a5c99b5913da4df3051e8d04f23070fec6c,2007,3047,721,3768,60.937637,,,false,false
live_1000,cex1000_2b28d14be2449d9cb5e2fb1a,resp_0d5d07ecbb32213f006a6542ab4c9c819490816e0a0997f940,huit_openai_responses_direct_sdk,gpt-5.4-nano,success,true,0973c94de63cb85b65fa454808908d7740fd6254e407599589bb1dc3cff91479,9589,6,5996,0,0,false,false,false,1da302f56795a649eff216704f1c39e1511f19b2faa1f90868fc67e4261d5b35,697,3019,223,3242,57.830797,,,false,false
live_1000,cex1000_73fbed3bae47c7a82eb4fc4b,resp_0f001ee1498c85a9006a6542adc524819381789a6b0fcdbae6,huit_openai_responses_direct_sdk,gpt-5.4-nano,success,true,4b644d94f9940f51c2c1c221b26df0a51b36b24d51df2f8c8e686b36d075adeb,9655,6,5995,0,0,false,false,false,559c31c72f8642420df16ed686e82d77d74727c6b44eab43e12716b536d795ad,2429,3112,808,3920,64.467557,,,false,false
live_1000,cex1000_047909d5373a490873cd497a,resp_083409f8c483816b006a6542b0e57c81938f36f3aa69844a1a,huit_openai_responses_direct_sdk,gpt-5.4-nano,success,true,58360dba04a66c10b0a63130df1ade8aced3485a8c0df7794010a76c3b32b45c,9611,6,5992,0,0,false,false,false,7c4e30afd88ba3260ccb694f52163dec8525f516169fe8157bb057b26ba79284,3640,3115,1263,4378,70.938124,,,false,false
live_1000,cex1000_7ebd77dcf438bf1126fb5baa,resp_009f1e162baac4c1006a6542b475308193ba9f526adcc31162,huit_openai_responses_direct_sdk,gpt-5.4-nano,success,true,3dcc64ae48b05d9ef1b116176ab10e2237b430d463e68237d310d690a29e5174,9598,6,5999,0,0,false,false,false,a5df7e7728e5de387146303bad4de3d2ba99f91c16811071f2b3f53df370ad9a,2706,2966,935,3901,71.147228,,,false,false
live_1000,cex1000_687f3ef34e8772b77484a538,resp_0eaa4ddb9593260d006a6542bae1c4819683666d5ac6042edf,huit_openai_responses_direct_sdk,gpt-5.4-nano,success,true,852822d3ec6e7ad203b5573467d06a4a2314c55b6e447419eaef4a017109d8eb,9559,6,5997,0,0,false,false,false,9fbef94878028a313a2fb5d092dc76964e2a6aa8a8e464ce3e55ddb1bc04ce58,499,2501,215,2716,73.196753,,,false,false
live_1000,cex1000_e342f6ea7e47b681536fc541,resp_0de4e4026d917bb6006a6542bb1cf481979845eaaa8d021884,huit_openai_responses_direct_sdk,gpt-5.4-nano,success,true,ec1e3c0df83e84d2b79a3011f0c722268bd349e80fa60870930c5769e331ad01,9584,6,5998,0,0,false,false,false,fff94dd6461fc83f08830d73e10517a37eeefe95b35e914a666b4efdff826616,1562,2919,647,3566,76.527769,,,false,false
live_1000,cex1000_872b70ac60c4942376e6b237,resp_0479e687938692a5006a6542bd225481938061d80f9b92ab8b,huit_openai_responses_direct_sdk,gpt-5.4-nano,success,true,9d16901bc35ede690bc735ec04af687cc39cc8da4da46e832973102587f2d86b,9668,6,5995,0,0,false,false,false,e679369e185baabcfa08292b68ce6cc46354091f266de6eacad03aaf9662ab10,1866,3005,651,3656,78.513968,,,false,false
live_1000,cex1000_f041c0d5ba2157c5061a68bd,resp_0b574b5a44e8516a006a6542c07fb881959ae681e35f28511f,huit_openai_responses_direct_sdk,gpt-5.4-nano,success,true,296cbe05e9a1fdd4b784f013bd5f377784542b342c28c6fe1a3e2cf5c185be21,9592,6,5999,0,0,false,false,false,0aee89ed7da79f3fff1dc23c3bf570d67aa256472fc855fea751a5b71848fad4,1543,2956,529,3485,81.082791,,,false,false
live_1000,cex1000_198ff092ac611fbbb4db8b65,resp_02c6819af211841e006a6542c276908190b73a7f137458536f,huit_openai_responses_direct_sdk,gpt-5.4-nano,success,true,9546a5af1905a2e62a7c8070e327825445a63913eba03a2c04cdabca14cd1454,9666,6,5997,0,0,false,false,false,3c29488ff5eee33babd2dfaa75a96d19c9b660d40fa37496f13ef762cdebaef1,2218,3088,1022,4110,86.489428,,,false,false
live_1000,cex1000_da716b82a78241ed94576dce,resp_08d431da4079c6b6006a6542c517e08190addc183c18b4ff09,huit_openai_responses_direct_sdk,gpt-5.4-nano,success,true,00787a26da9570794cf738dde53b5faf7d4f0a1722a5f7facd353589698525f4,9626,6,5991,0,0,false,false,false,d909ec89103a682b1720059187198d1181c8e20d76e46692ebc2751407b9d8c7,1099,3034,409,3443,84.924234,,,false,false
live_1000,cex1000_c317323b1ede6f0a1b30eb73,resp_07b8cbe5fc703456006a6542c8e0f881948eaac9d75b079713,huit_openai_responses_direct_sdk,gpt-5.4-nano,success,true,0665bbbfb88f808ef3cb4c6ee1a98935993550649a8b6b8d52b5e6e98fbcbed8,9594,6,5999,0,0,false,false,false,77d61b1632049e2ea04c7058800db76a56bb2228d6aa1140a5adeb24b60237d0,873,2990,333,3323,87.769907,,,false,false
live_1000,cex1000_fa87f512eef49fbeb4c6f3bc,resp_0aecc3bca2330a06006a6542ca73588196b41e48a6c2147ebd,huit_openai_responses_direct_sdk,gpt-5.4-nano,success,true,755989e3d0ce30cd5e179271868b39643e1f351350be98c023456173f65d8723,9599,6,5998,0,0,false,false,false,8bb5908272bb71b0d888bc73a30c7d192695297a6b84b2daedb05df44e15cfc0,8244,3031,2635,5666,105.896706,,,false,false
live_1000,cex1000_105e7a4aee79bfcfdfc1c761,resp_0abc1bc15bdac151006a6542ddf0b88197a12276dced5f30b5,huit_openai_responses_direct_sdk,gpt-5.4-nano,success,true,85773a305440e0579ed17cc067fe69cb4010c918e0dd659378aee526d3250249,9627,6,5998,0,0,false,false,false,41b7dd8149fb22ef36eaf626fd781fb111ca3cb129bd17c6aceb8df5197e975b,5416,3144,1765,4909,13.602071,,,false,false
live_1000,cex1000_1624b029545f0542b6d7301b,resp_04deb6bebe7ab734006a6542ddf3548195b29d4b46c3ee070d,huit_openai_responses_direct_sdk,gpt-5.4-nano,success,true,b7f591bf02399e8c6453df2d348300fed136aee88f36a398c24ebf6d2e138503,9629,6,5982,0,0,false,false,false,43a2dd4c658d9b38d06e324691985860e226915d521b28c86e8c58c5ba070f83,3554,3231,1317,4548,10.288197,,,false,false
live_1000,cex1000_895f073c90cf0b55b1fbe2d7,resp_0d1119c7e40ae61f006a6542e829c08195b17dafa12a12d717,huit_openai_responses_direct_sdk,gpt-5.4-nano,success,true,5725d736ff6c9cfb45bc9b776b2557597eb7b346cfff2de16161f62dddf56060,9593,6,5996,0,0,false,false,false,6faa3de5b95d0e41005cd5316d96529427b0a10b4af9fb11c0fe8dd1e7560fe5,2777,2990,1020,4010,18.164918,,,false,false
live_1000,cex1000_892ac2d1d35fbd579b5f9732,resp_0a378a7bdaa47011006a6542eb753c8190826312655142cb94,huit_openai_responses_direct_sdk,gpt-5.4-nano,success,true,9ae61a1f23e30832bdb3f36b903b8764fd5b77b662db2dd3814f1a3a7f4805cc,9595,6,5998,0,0,false,false,false,04963e7dc5f7ac78f3a08fdbc61c2e66247d0de32e33c6d9f4e1d902031be519,2756,3031,941,3972,20.425216,,,false,false
live_1000,cex1000_3ead44c03230ba53237c2139,resp_0f3360536e7ac989006a6542f007d08197a100fe8bd2c42606,huit_openai_responses_direct_sdk,gpt-5.4-nano,success,true,473f4b8cb28c43901d3ded464ef3b33ba243b6fd2ba19303fd0b8824834356e7,9598,6,5996,0,0,false,false,false,b3349f5464b025de6c80bc67a406f42c353fec3ce845b1adc74acab97ebfbdb5,2397,2831,914,3745,25.799751,,,false,false
live_1000,cex1000_62a435b47a318fc1c87cbf5f,resp_0b12b708fb6ba098006a6542f24cc88197a3afde7b3ff1f743,huit_openai_responses_direct_sdk,gpt-5.4-nano,success,true,8cd42561f9cc1c9c884c797fc62fe1bb7f619ff9e41c2b0b6ab0cb81493e0b20,9624,6,5999,0,0,false,false,false,481a695e26b453f1c8586d011c9748578b258a90826d0e8ead62198a243883ae,3041,3059,961,4020,27.768439,,,false,false
live_1000,cex1000_813427765ecad5ad3acf3dea,resp_01ab8e29ab068174006a6542f7afa881948ea629675435fed3,huit_openai_responses_direct_sdk,gpt-5.4-nano,success,true,56bf4bc5a6bce978ee3ce0a63ab8ee821fe4cd11e4ee3d2eac11f87264751ccc,9614,6,5999,0,0,false,false,false,557b45764927850f45b09082c7901710dca08db28a9bbb5b35f61894f2d28c9f,5428,3091,1897,4988,39.815839,,,false,false
live_1000,cex1000_69c088d9c1d8d1188650aac5,resp_0c00414b057cba38006a6542f9a5ec8196be35cf628c97ef7a,huit_openai_responses_direct_sdk,gpt-5.4-nano,success,true,5d62aa139a9d99379ea349f6fbf5f73810662b5f8ad1b892a785414255f74d7d,9616,6,5996,0,0,false,false,false,5aff4540a7489e3a2c25cb5d84c831dbfe2f4eb898ee85980c4b3e7ca7952b65,2149,3010,1067,4077,37.269501,,,false,false
live_1000,cex1000_dd21365fa454929827a770e7,resp_0148c40c73471959006a6543031ff08197b720a58eae27de16,huit_openai_responses_direct_sdk,gpt-5.4-nano,success,true,2948a83f46a1f6db3ec0c887411d51cfefcd091d892df63d427b10ba415f3a13,9593,6,5999,0,0,false,false,false,725d27c22458081fe3872d4c904b6cf6585cca3e052392e24577e4342ab77564,547,3018,200,3218,39.341296,,,false,false
live_1000,cex1000_3e338b6dd2cc22850f625683,resp_0cd5c5faacab26a9006a6543053884819396c89c99b6c223c0,huit_openai_responses_direct_sdk,gpt-5.4-nano,success,true,c2a33866724c7f79191adc90c6055d2dbd03f59cb349ee2cdc0a01b93662e0e9,9590,6,5998,0,0,false,false,false,283d128f69b26303729653c562964dcd8de71f744d658093ce349f3db2bdca44,2103,3048,656,3704,44.787289,,,false,false
live_1000,cex1000_9dc13e0ddd1ce4616cef7132,resp_0020e44e70368a44006a654305b618819494a2c5a6a32ed972,huit_openai_responses_direct_sdk,gpt-5.4-nano,success,true,3c151c35c5513ad1d3e58c847b31673c0865ce0a798ee3ddbc53792ce9e7e74f,9595,6,5998,0,0,false,false,false,61ab0e12e74ac8e5642818ffba0f7cb8113d54bf701425ffc51b16cfb90fc55b,2756,2996,1076,4072,47.691522,,,false,false
live_1000,cex1000_f5cefe1d9fef7c75c8c39cab,resp_02e26db0c9099904006a65430aab848190bc021b5a603e900f,huit_openai_responses_direct_sdk,gpt-5.4-nano,success,true,67f6a4d9c99358b210c57d874388f8b01aff4d0b1b44488c98b24e5b77d5ce97,9595,6,5996,0,0,false,false,false,84c5ecb3fcd22f10d1aa9bb86d683cb52061095beb2709d5022f3fde71875ad9,910,3041,316,3357,47.691245,,,false,false
live_1000,cex1000_33ec68777461794060e7f14f,resp_0d85a69779045f98006a65430d8fec8196b0d036daaa1ea201,huit_openai_responses_direct_sdk,gpt-5.4-nano,success,true,12591dac75d95cb2a7e732eda6cfa722cf8404b4f376059c27af9c40d79c2db6,2478,1,39,0,0,false,false,false,119e19d795217486f5722bf31eade6e64545dc2044ae641dd6920e948931b919,423,1364,137,1501,49.432307,,,false,false
live_1000,cex1000_e897e5f10efa9d1d510b4876,resp_01ca0d7ddd4edd37006a65430d938481949068d5354a041d6c,huit_openai_responses_direct_sdk,gpt-5.4-nano,success,true,ab8a7fdd1ec4eaf6175551bf9678e926d6b8f40519ed9c0666c3c6d098bfea6d,9645,6,5999,0,0,false,false,false,fb79ddb352d2e8d0433a4b941dcdac411b2ade66a9be7bc76b085c35c8174201,5934,3294,2398,5692,64.322639,,,false,false
live_1000,cex1000_859d5d6ec845595f7b64d476,resp_09b820f4440e4336006a65430f50b08196896968daf42ba1fa,huit_openai_responses_direct_sdk,gpt-5.4-nano,success,true,4d2537ad9bc62cb408ad9d7eb222f47d015380ad0aef9fc707e0ff8546b5c557,2646,1,193,0,0,false,false,false,508b0de40444223bc038e6c9f891a9a68403f4952689b21420c0057352fcbc1d,406,1440,137,1577,51.183438,,,false,false
live_1000,cex1000_f20861615551a9e1dcd85471,resp_0be53f205c3ff4a8006a6543110c1c81908682f3968c4fa01e,huit_openai_responses_direct_sdk,gpt-5.4-nano,success,true,06f56a866a0ea7ecb8dfabba8b533f68c484b64861cab89faf12a8839ef8fde1,9570,6,5990,0,0,false,false,false,c7f763d36ebcd3b7584bccebfd88006825647481a36e5b07e28db7fa6c29355a,565,2977,494,3471,55.332345,,,false,false
live_1000,cex1000_a6266aed5c39cbc7b850d5e5,resp_00678e4670fc8725006a6543154e148195824129445dc1c639,huit_openai_responses_direct_sdk,gpt-5.4-nano,success,true,1d8cba7fd5fef6d5c12636621ab77049ea5bb537fb726894798bb3d34a042f18,9589,6,5999,2,229764,false,false,false,845315fba179e8da4b513fa60f2b91fe1cc72275d4d87d99dd6f3050dbd1006f,436,5650,183,5833,57.742779,,,false,false
live_1000,cex1000_995e718ddfeaee56f7c10567,resp_001779cd77daf14b006a654317a204819783ddd1b116db45f5,huit_openai_responses_direct_sdk,gpt-5.4-nano,success,true,ec733aaccf2be97d59c39f2e404626b66f1f2172266f8a214b23ff7cadf5e471,9663,6,5986,0,0,false,false,false,0f383752334dc1905aeffa6e2df211979b3541d94fb5c6f33c4a7bb5b68a0e6b,1354,3159,639,3798,63.565620,,,false,false
live_1000,cex1000_a58a0bd126c34faf2e9a4415,resp_04726e107ce53fcf006a65431d6f78819698f5f4918e9a8a89,huit_openai_responses_direct_sdk,gpt-5.4-nano,success,true,ae754d5ddac2841daa03c21ccad9708d4c4b6c2c206cde62f100234756d0d163,9637,6,5973,0,0,false,false,false,b92e80f46239fc1b8e088fe5690990063ad993c2ba0dd4b98506e0efccb06b00,2515,3324,687,4011,69.177874,,,false,false
live_1000,cex1000_70f70606b241fe5548ecfddf,resp_0c844d990e2c890e006a65431e31d88194a4c7ea2fa4daebc7,huit_openai_responses_direct_sdk,gpt-5.4-nano,success,true,79059254b5ed30cf92b075a16a35863c48b0faa0569db083076babdc9fc37186,9629,6,5996,0,0,false,false,false,c826daaec5b2b5c93a6e3fd0f6aa549224e3fb7da6a5daed8c76b6f5940195a2,7081,3207,2303,5510,80.322612,,,false,false
live_1000,cex1000_cc139d94a2a846f79beeb4af,resp_0ad3c25f0a043342006a6543230b148193ab4e0b1a3dd73c26,huit_openai_responses_direct_sdk,gpt-5.4-nano,success,true,1a6541f65a9cc4316d113606313ed26391c90b85bc19902e98fd34bedf99855b,9610,6,5997,0,0,false,false,false,9e6900181efd75e0779243f542333ea9fcbbb8ff78b4f74825dfb4f60b7a4f54,2795,3215,985,4200,76.371073,,,false,false
live_1000,cex1000_321fe1e506e4533b7c1f4c32,resp_0868bfdd9b3130a2006a65432a3c1881958fc2ba7acb70b088,huit_openai_responses_direct_sdk,gpt-5.4-nano,schema_invalid,false,4ab0692abfe639863a4eff172a86c29dcb4930a4aa010bdb6a2cb5d462d3e43a,9602,6,5998,0,0,false,false,false,ada369f7967d68ddd6fe31f3fe4dea86ed1657053bfa48c1007adc2b82c40680,3668,3095,1049,4144,84.571843,ValueError,non-base compensation is in quantitative array,false,false
live_1000,cex1000_b49fea1464c8def080fee83a,resp_0ce61f356656f0a6006a65432e30fc81959f25d420c979a3b1,huit_openai_responses_direct_sdk,gpt-5.4-nano,success,true,1c1cc972aa2c5a32f4a91d7efb5af3e58393ef9cfca62d443d5b5424c3572bf5,9595,6,5998,0,0,false,false,false,b9287f41f5e34e53e694600992610c2f23039979a1715414b5964e05d373f900,4405,3046,1687,4733,93.821623,,,false,false
live_1000,cex1000_b5f8276bec70ed4f8d28c581,resp_0ae50f75545ebf6e006a65433270b4819395853be1cdfa9776,huit_openai_responses_direct_sdk,gpt-5.4-nano,success,true,bd402fa7122faae2f77de4cbbb29b046ee865e0302e344173b84b22d6bd641b4,9586,6,5994,0,0,false,false,false,187c58348e947916ccfd9178a68f4592f1269e9f3b31979fb8441979c17fa726,4964,2945,1647,4592,96.458538,,,false,false
live_1000,cex1000_102a4a19b63a20c286666ed5,resp_024d3f9455f31a6a006a65433bb4048196a3b324f726d7e3de,huit_openai_responses_direct_sdk,gpt-5.4-nano,success,true,c8e164000f749738c8ca3f3f47586ed3e877705213862cc18df13e095359941a,9585,6,5999,0,0,false,false,false,c21f60aa611de61167e35f22524be76baf072023e93592e97ebaf8ca65d86ed6,1664,3036,535,3571,98.243232,,,false,false
live_1000,cex1000_d5de2cd876f82cebb7fabfe4,resp_04cda15d998c1d26006a654340359481949756fac6ad03f70d,huit_openai_responses_direct_sdk,gpt-5.4-nano,success,true,aaca500ec477afca1706cc965c9be2b6bad82bcebd24d7fbd802a0e8b774c59b,9585,6,5999,0,0,false,false,false,4fe39b212d09e090c00d19431a6c0a9d569d9e94200770fb159522f78b823abf,2907,2964,1013,3977,7.161059,,,false,false
live_1000,cex1000_044610d2997e34779705ff1a,resp_03c2973c97f2def3006a65434031988196a3498969441ccd8e,huit_openai_responses_direct_sdk,gpt-5.4-nano,success,true,9b3c6ddd12e717ee25e0a6792b589fac8fda1d69aef9f4f3ea0a51bc28a6e545,9579,6,5993,0,0,false,false,false,9f635ce76610b14ba852135acce4a56e3b60ef705d92742cbb5acd21a8d44cf1,1493,2943,641,3584,5.925989,,,false,false
live_1000,cex1000_fb5315bb971e9e6d9f723c83,resp_03817f5a37fa7ec6006a65434610bc8196b2c14dde336216ec,huit_openai_responses_direct_sdk,gpt-5.4-nano,success,true,ea305837c96754f0f8d8e390559e9682e7e181de6e4b391fb72ac4756045c6e1,9589,6,5999,0,0,false,false,false,d855c81f52b2235effcdc6bff424a4ca257eadd18fa745de27857de69d25230c,2868,3047,1094,4141,14.004229,,,false,false
live_1000,cex1000_de3cd3c391240d0fed455faa,resp_04dee7ec0947b5e6006a654347572c8196a6360b07a04d4f99,huit_openai_responses_direct_sdk,gpt-5.4-nano,success,true,9dfd7c9eb8ac4af1261fdea9ac0976de3acc9ebc378271c46920c8785086ba7e,9589,6,5999,0,0,false,false,false,6278f3bf19ea5e4d0357fc803557821e6a2886570072b7d7dac7225492320784,560,2981,189,3170,9.225155,,,false,false
live_1000,cex1000_285d2388b17b489d32147546,resp_0db1fb9c023f5f9b006a65434965f481978866bc381181bada,huit_openai_responses_direct_sdk,gpt-5.4-nano,success,true,4263f2171fe2c316501f7a298d4772e7bba75b65ef107fc5691c02991b85f83d,9611,6,5998,0,0,false,false,false,2409d721909e2b90a1fa0244c8882872d1f70591add0413120aa4a8d0d7809c9,568,2962,403,3365,12.848727,,,false,false
live_1000,cex1000_25685b9f4c1acdc2141b66b1,resp_092bec6fd53f2c95006a65434d032c81978a5abe38c6b7cfc3,huit_openai_responses_direct_sdk,gpt-5.4-nano,success,true,9e61b0f56c2977825aae7ba23a1450f0755e60373b142a87d4b4b8329181fd77,9464,6,5822,0,0,false,false,false,1b01a1a4756640e687043a6fa47cb37214f872f7ee62a80aaed83b452b3837c4,2093,3043,1087,4130,22.101539,,,false,false
live_1000,cex1000_9cf9e940e24e21f0071d4422,resp_0e525f21f954aed2006a65434e24cc819083331667445e9062,huit_openai_responses_direct_sdk,gpt-5.4-nano,success,true,3a492be188676125770b3cce69cf19d9abbc5290fe23b75185a69d8a26497d67,9579,6,5937,0,0,false,false,false,d400dbd6921f10094e9787291f0bb2dc8e1695d06401249b58ad5ca956dc5560,1712,3139,713,3852,19.665433,,,false,false
live_1000,cex1000_d6f21fbb84b699340eece4d5,resp_057784a22819f87a006a654353d84081979bc27c597e3c9a8c,huit_openai_responses_direct_sdk,gpt-5.4-nano,success,true,d027cf20572668c992fa4c44d833b4a7b8aa7ada9c5802aface48343b5bab19a,9667,6,5997,0,0,false,false,false,5e6952170889eb5c7596eb5b3a449fa59ea187528dda34c4b42fed07965483a6,5283,3291,1762,5053,32.772352,,,false,false
live_1000,cex1000_7b5264719d97c1530912b9cc,resp_057ea7044ef9b93a006a65435642188190bfe8ed030855515d,huit_openai_responses_direct_sdk,gpt-5.4-nano,success,true,582e1ef802b5bcd64d428cc88fa80d9c67ed5ea5800173fe7c19f454718c1fc6,9587,6,5995,0,0,false,false,false,860e0388f56beb792e31cb5f7869b7ce3b525ed207cef72b94a119c0d7b857a9,2185,2980,812,3792,28.132612,,,false,false
live_1000,cex1000_565363e57d970edc3f374bcd,resp_08e2c32e10dab7b2006a65435c456481968848ee3eba11176a,huit_openai_responses_direct_sdk,gpt-5.4-nano,success,true,2b8ba0054ca166342695f5a9ebe0ce3adb3e0dd694ffb8cdae4b90e538425546,9707,6,5998,0,0,false,false,false,a2586a20af43b94e46af1bf32f7cd877b23d3bd9702c8b76d2601e6c08f1074d,4096,2958,1293,4251,37.061447,,,false,false
live_1000,cex1000_78f9c9ed0ccdeb710391d248,resp_096747233c38c399006a654360e56c8197ad1850de1da82a12,huit_openai_responses_direct_sdk,gpt-5.4-nano,success,true,91c23014424c4d58f218e401e66f306188da26343352f12ca0668d212c37a811,9838,6,5996,0,0,false,false,false,033062ad634ff9180d4fa0fc025462ceab431279e7307f37902118231f2db087,688,2844,365,3209,36.470677,,,false,false
live_1000,cex1000_be17d847549e2087a834b60d,resp_01c9c83b1d3702c1006a6543649b088195b57f0dc20ed75776,huit_openai_responses_direct_sdk,gpt-5.4-nano,success,true,dd9c0ce8ec5ab5bd4cb3ad08d3804509259403673a675396d14a64e871521e27,9580,6,5998,0,0,false,false,false,2ce860e22a736ae09b79e0809343b131edc1fed86ff7f6c0f0d8c0315d55476a,1097,2933,520,3453,41.162355,,,false,false
live_1000,cex1000_13b4a6cc363d5ba7f9ac95dd,resp_082a423f2fd494eb006a6543652fe081909517d5a8d210ab99,huit_openai_responses_direct_sdk,gpt-5.4-nano,success,true,7e53aa8aba0d2c9e84c87f1b6ac215cf83c791a39b7573da5a77054ed7a6cfc3,9573,6,5990,0,0,false,false,false,80ab83e502d258ef772127f1e83be0f05783c21d090e69f8200037f4d7c8ad75,642,2990,305,3295,40.403012,,,false,false
live_1000,cex1000_75ef16135a02609f9871d184,resp_04577a583f8fb6d1006a65436885008197b315f1f0d092553a,huit_openai_responses_direct_sdk,gpt-5.4-nano,success,true,466a06967e19eec2ff114e3d4bace10af37778f8a769e4e6fc02836b72046269,9576,6,5995,0,0,false,false,false,d592fcb95ae6dedbe09433d398657d64d3f4bcd21ebe66b3ad6ba8d4e0f08ce8,3093,3006,1446,4452,50.599686,,,false,false
live_1000,cex1000_5813c17256cbba739736e30f,resp_0fd812aca68d196a006a65436947f48197aca5c7bbb0c184c9,huit_openai_responses_direct_sdk,gpt-5.4-nano,success,true,7d9498e437964db7be82cdd6291b8165c0622f0d38ff7ada403bc04886ca757e,9577,6,5996,0,0,false,false,false,11fe11f6e3273e45ee3e06170e7ab2345e77bd8a4ed4e2d3a9fa6c8ec2368703,2029,3006,778,3784,49.926157,,,false,false
live_1000,cex1000_683561bfcad806a94ae1cf69,resp_08788d04658129fd006a654372136c81909efe72c3082498f6,huit_openai_responses_direct_sdk,gpt-5.4-nano,success,true,341ccbb3bb5736f145e1a9f6185489ffc8f9326eac8a9516f1fd79ecc2b128bb,9578,6,5995,0,0,false,false,false,e4e83cc19bea9782fba7bedad0daa8af22a0f2938038a464e9122d235d5196af,3525,3000,1273,4273,59.222995,,,false,false
live_1000,cex1000_33c44824f357c9463855503a,resp_04c79013b35e2031006a654372c01c8196a8f5092c3509f4f7,huit_openai_responses_direct_sdk,gpt-5.4-nano,success,true,99b2b89c6b05fd62f7a2df9477ad16ce0592ccffc2325de6060ef0e00d16886c,9641,6,5999,0,0,false,false,false,b44cdcac0669c6fe5cabdf730dc723e75fe7f5699a1c614ec1de1b87ffef093c,555,3090,193,3283,52.709417,,,false,false
live_1000,cex1000_a6bc7ab87a99e773e19f21de,resp_0db9ba95f41a534a006a654374db2c819386405dcb96a85c7c,huit_openai_responses_direct_sdk,gpt-5.4-nano,success,true,1590ee714216d490dcfc32276e2e01b839fc3e1a5985b98b277a07ffe86cbcb5,9600,6,5988,0,0,false,false,false,99e501720743f1cb9ebeb3c9c9185304b9c11dd5090c7ebe2d428c22061ca15d,906,3088,376,3464,56.147082,,,false,false
live_1000,cex1000_09e0df4c755c929092c1015d,resp_0d7a1fb9dc89254f006a6543784a608193b6a51540222f2005,huit_openai_responses_direct_sdk,gpt-5.4-nano,success,true,90aadc4c1d457bb67d131d1b50be076dda272f5ee7b2cb5a96ca893f0cf0e551,9619,6,5999,0,0,false,false,false,306cc4b02abc822db0ea05706e23b6fd070aa43f59663bb69cefb181c4d5c786,4457,3327,1822,5149,69.070600,,,false,false
live_1000,cex1000_2d95cd324b4c8311b04aad0d,resp_0415751208770ef8006a65437b5f74819690a0c329550398a8,huit_openai_responses_direct_sdk,gpt-5.4-nano,success,true,5ae4ef0b13f2f9121e74a07094c004fd5da1575e540cef6cabf276340a31229f,9628,6,5995,0,0,false,false,false,f289c47e0888189a10032d06165894b1d98811b5e9dbd15566f9eb2fb14b862e,3199,3298,1042,4340,66.650207,,,false,false
live_1000,cex1000_c58de708dde4fd15a33552c0,resp_0df351a817ce78f6006a654382d60081958778c009c609150c,huit_openai_responses_direct_sdk,gpt-5.4-nano,success,true,922e8cba2b1a165d2eae8aa535ba18dc26409b2cb1d2f7d0ccb1862fe856407e,9643,6,5999,0,0,false,false,false,bfbf141acde4127a46c700297a4227504bafb8d07ce3c3980620f514cd454915,6909,3553,2547,6100,83.726095,,,false,false
live_1000,cex1000_e4c0bd7e5ad4e5f87f38f6e9,resp_01868ec28f0fa85b006a654385405c81959a2c16261373b8e9,huit_openai_responses_direct_sdk,gpt-5.4-nano,success,true,1b8e67e852a4d2b832792f9f4fa9e4505c18c6c8d53430d3d1ae96196e1a3add,9813,6,5995,0,0,false,false,false,b67e961a4b20ab688f78e8d277716e30d071104e13828b0bcf6c8a5417f0db31,523,2917,159,3076,71.046653,,,false,false
live_1000,cex1000_df9f9866915dca2115c5842c,resp_0340428dd55f85c2006a654387318c8195ac9e3fa2bc87ff5a,huit_openai_responses_direct_sdk,gpt-5.4-nano,success,true,0eb4f2d590ae6d4ac37f54476c9007e6e6a533cbd513974f5c886c99dbbd8fc0,9614,6,5996,0,0,false,false,false,d21892619c8e24b3bcbf3641b982ce829d1a7f8e3db6c542e3ad948f998740ca,5531,3250,2443,5693,87.952767,,,false,false
live_1000,cex1000_8e1e626837aa2d862d539ff6,resp_02ce7dd0f4daf65a006a654393e7a081969321c51fc778abcd,huit_openai_responses_direct_sdk,gpt-5.4-nano,success,true,afeea917783745c2ac53f71153cb376750551be0b556d57143aac54af593de9a,9625,6,5999,0,0,false,false,false,0684024e2f42e8447f80beebe234b90983c3f2740e0a2a15c494e64a24a9f0fe,1717,2932,529,3461,88.042903,,,false,false
live_1000,cex1000_78de9a192b2c61cfb7f34930,resp_0397af51c27e3149006a6543981af481979a1040586d943575,huit_openai_responses_direct_sdk,gpt-5.4-nano,success,true,f1356eef4b09937d1fa20632e1ca1e2af8866b752fe09f5a2316f4912bdd3999,9606,6,5999,0,0,false,false,false,2eca79e31a0cc5ebef3a5c958029402c44564f5e69955d182f1d00ca0f762b59,2053,3047,996,4043,96.413356,,,false,false
live_1000,cex1000_15311143b7a3a18a5d3823e9,resp_0cde3605284cd9f7006a6543a0a9bc81979bf98f93b2012362,huit_openai_responses_direct_sdk,gpt-5.4-nano,success,true,8cd34810fcf79492e46a85149b61c3f275e9b029860d52a8497996ad9fa66882,9602,6,5999,0,0,false,false,false,8b079fa5bf2c56bdef1e536872dda7ca864af5a956dae7296ec94687e0d798e6,2030,2872,683,3555,5.420213,,,false,false
live_1000,cex1000_631ff405d08b5f10fcbf1c65,resp_0354754b8de85048006a6543a0ac508197b049c1845bd99c1f,huit_openai_responses_direct_sdk,gpt-5.4-nano,success,true,f04d27c48da09312f67131ed879a5fb4d585425e75d19e1675b915e08882e9bd,7916,4,4697,0,0,false,false,false,3d99ec0792fb55879b63f08eaf672a78b7e4917ad3861481807183bdfa724b69,2977,2757,1008,3765,8.783108,,,false,false
live_1000,cex1000_a3a47ee28382ed9ea65e32a5,resp_0d66bc7bebb76c3f006a6543a600088193b9bda7f9f76171dd,huit_openai_responses_direct_sdk,gpt-5.4-nano,success,true,2dea3cdf15d44d88ab1fc117e0ad6eebc8333701282c1a6210b870db8db8c0b8,9580,6,5992,0,0,false,false,false,1b2072e2bff628d8b7554ee16287c645150d1e3c829a2ed29969f7f9e660f905,7278,2939,2264,5203,21.360910,,,false,false
live_1000,cex1000_cdbf1f470974e032eb7179d8,resp_0e1269069d5a7c86006a6543a966c88190936f47046a9c1cb2,huit_openai_responses_direct_sdk,gpt-5.4-nano,success,true,f617787ccf843a8ff341c079e2985a734c77bee8913d5ada04fa7836d57d7557,9682,6,5994,0,0,false,false,false,f877f52d08cf5e0f718474f509b6488bbf592a4c594a3666b5b446e06e7db1ec,529,3158,274,3432,11.438258,,,false,false
live_1000,cex1000_2f88a92147ea3649bcd032ba,resp_06e16546201b800a006a6543ac057c819492986f4228beb80d,huit_openai_responses_direct_sdk,gpt-5.4-nano,success,true,1e2efa8dfd1a1e78c3f86690914e144460fc9dea2028f62f84ea9bad05a4ee18,9582,6,5999,0,0,false,false,false,1b50f83fb533f55ff54b2f8c7c5a1e477293e294a37cb6186c2346f1949a9e18,1176,2832,535,3367,15.907200,,,false,false
live_1000,cex1000_e6b892ba076423a5f6514a75,resp_0d7a662a43789d44006a6543b07cb48197aec6e43f5d927d62,huit_openai_responses_direct_sdk,gpt-5.4-nano,success,true,9fd568786b5d31a747db2f428fc8a6122a5c60cf01a59240b606e79c8e55ac1f,9607,6,5999,0,0,false,false,false,5ddbdb1251d9ea9a8abef8c0cc75c03fed298970539440e586b87f7763acb291,2260,3033,1037,4070,23.630278,,,false,false
live_1000,cex1000_4a748959509eb8ad2b8a10fe,resp_044a95b5b54087e7006a6543b5edc881909a818deb28f1a769,huit_openai_responses_direct_sdk,gpt-5.4-nano,success,true,eef9b3982d46c40f980aa27be2169a944890a3d1ca543dd3ebbc0761dbce0398,9582,6,5996,0,0,false,false,false,340ae5215b5bffa27b65abed5424024f424241196ca97d89719e2b92dc3f1fba,3623,2996,1327,4323,32.453891,,,false,false
live_1000,cex1000_9a726b7ecf1f23de9d72207c,resp_0e999f147d9b0aa8006a6543b837e4819785234c74f2cd65ca,huit_openai_responses_direct_sdk,gpt-5.4-nano,schema_invalid,false,b17b727030f171092756031a1579b088718431cb5e8475e273abbad08c5bfb0a,9757,6,5997,0,0,false,false,false,8d33407504f0fef08cdddbcc0cd589dbbb8b1409e27eaf58f3f3e69d83c7afbb,3838,3338,1481,4819,35.236705,ValueError,non-base compensation is in quantitative array,false,false
live_1000,cex1000_a68d8f5c75d4ff611acf8f1f,resp_09295e389b491e21006a6543c10d80819798e957f03b917ebe,huit_openai_responses_direct_sdk,gpt-5.4-nano,success,true,59dec1a16cfb2f750d7d1718e475ba59a96482e96331a29e19f70002b2c28b86,9551,6,5803,0,0,false,false,false,84e5a3fc6a2ac85b5acf6f597d2adf62f2dddc8a94e45b158de1cac570e0c83f,2520,3641,1063,4704,40.442568,,,false,false
live_1000,cex1000_527d9449e4f7167bd895b748,resp_02a4e4bc5c1815d5006a6543c3dee081948cc6e83bda90c78a,huit_openai_responses_direct_sdk,gpt-5.4-nano,success,true,8653ff84d3b6a272b48fc0a8b5f3583682383b104bd1e303047a455eb324bd75,9614,6,5999,0,0,false,false,false,2fb59976281931f8295a9c3575b68e5dd6be47ffe987f8121a75b38d2fbfe260,712,3010,311,3321,38.445561,,,false,false
live_1000,cex1000_2aba9ba27509c5cdd81602ef,resp_0449b32c83a5f1bc006a6543c701788196b7479d4203a9f1db,huit_openai_responses_direct_sdk,gpt-5.4-nano,success,true,2235557ecc17680a11f8ccd94a4d07c1d55c24db530ab073c8dd6357ac4f7924,7851,4,4694,0,0,false,false,false,d890d3fc96cdcac077b9d72e80e565c9eab789e8626b1f3b66d0256a5a1a9a3c,3245,2662,989,3651,45.803523,,,false,false
live_1000,cex1000_7c896573db6e8fd7dfd9b717,resp_05dc80c11313bff4006a6543c91f68819085b4554572dfe13c,huit_openai_responses_direct_sdk,gpt-5.4-nano,success,true,4f669e99c0673967f8bfdf7375a33837366125d2ad89dbac5f45c6179f7172f8,9607,6,5999,0,0,false,false,false,da9a16abf889bd9fa33520b535406742ce6948ac1c4e4880f825261531e5a910,6322,3040,1801,4841,55.392486,,,false,false
live_1000,cex1000_621b3e6dc63e4541e492effe,resp_007cca5c97a191bd006a6543ce6bb08195a136d934b24be28f,huit_openai_responses_direct_sdk,gpt-5.4-nano,success,true,eda93b428920a622e1ebd030fa9c5667765ed928cc9ab58e4dbec5cb2d4ea2dd,9635,6,5999,0,0,false,false,false,6d230526cb8404e7cbc34a23eeca3734b6b6d9c5df2f2350c45f05f13771e526,758,2999,349,3348,49.637261,,,false,false
live_1000,cex1000_e73201e4a36d2f3bfd9702ff,resp_0b6beff5e384adde006a6543d23b408195a59af06cc2ba5a86,huit_openai_responses_direct_sdk,gpt-5.4-nano,success,true,c47ea5e87d5aabe1fbfb6280cfb05b8a59a12bb75d2a7200758529ee47eeaf7a,9719,6,5999,0,0,false,false,false,eee32f399007067bf44cc52f5f483c35368c2d16a07b3db768835283c8e9c8ed,592,3039,273,3312,52.539804,,,false,false
live_1000,cex1000_372c96033e88d869b6ca1481,resp_0e63d0059bf6bbec006a6543d51b0081949ff4f38276b16e8a,huit_openai_responses_direct_sdk,gpt-5.4-nano,success,true,2f1f28137421cca73693ae319468b0588e1f40455079a8913303d1a50a73f5cb,9659,6,5999,0,0,false,false,false,77499dd8a6125cd71f72f19f62632a4fcad5daa0857c5432791dd470d5cbf2be,2223,3070,669,3739,58.380582,,,false,false
live_1000,cex1000_ef142225163c5e1d25019670,resp_06642976c398dcda006a6543d7f7908194991985336803bf6b,huit_openai_responses_direct_sdk,gpt-5.4-nano,success,true,7b96a70793470620169043e7d7858a6c70da36220510a25d34800e95c5c065bd,9579,6,5997,0,0,false,false,false,b949328002d26e8ca4d165b825fb05f1d0836c8791f77bfac6ce8acb6b30c20d,2205,3047,815,3862,61.679539,,,false,false
live_1000,cex1000_3c92045a422bda20e626990e,resp_0b1c1bb3a5cafa7f006a6543daf5208197bd796b65849d628d,huit_openai_responses_direct_sdk,gpt-5.4-nano,success,true,1ac5b1c38539b8c89c51d635e61186b42eeeeb9ae4bdeda0e3a4aa69a00c0714,9596,6,5998,0,0,false,false,false,85e473fb3addf169a55fd67a8cd28770cead07001fc1f8b118c167ea246fd03b,1401,2897,429,3326,62.765263,,,false,false
live_1000,cex1000_3d202f3adde63d8cf60c5ab8,resp_070432293e5fb23f006a6543de4bfc8196a70fecc2290a829b,huit_openai_responses_direct_sdk,gpt-5.4-nano,success,true,33f1f523700d8418c3c34c8149067e73f40fbffca49ac510544f0275e9c8d944,9588,6,5999,0,0,false,false,false,ee78f9ac135919c4bd03f7da6e73db36505da2e84e031f3a88ba1a7a19959906,3461,3049,1392,4441,73.178950,,,false,false
live_1000,cex1000_62ffcce5b1a3d2a127258728,resp_0d0c43f752f4da67006a6543df57448193be4117e756490c80,huit_openai_responses_direct_sdk,gpt-5.4-nano,success,true,62d9a7f6a8403e9b03adffeb4fbeb8dc49d871b9a269efc2a47f1a3bb51fd059,9594,6,5999,0,0,false,false,false,7df5f517aec0562016469f2ecd9324a1c8364ccdcd89d4ab18d4a48618c18ed2,2144,2982,619,3601,68.292947,,,false,false
live_1000,cex1000_4111edc082b0e9daae16ec80,resp_0b9953384c6e3cda006a6543e4e2e88196ac90218f9f54c5d0,huit_openai_responses_direct_sdk,gpt-5.4-nano,success,true,c2adde06b4d82a6bb7f84f1ad62d89ac702ba5be261da54816c2c4a01ada959c,9611,6,5999,0,0,false,false,false,7864b77e1fe150ffe2fff9fc511fdefcac5578498504768aab89c2d5f9a70af6,3814,2965,1349,4314,78.278681,,,false,false
live_1000,cex1000_58bc429c776fb0a7c45d8ef1,resp_0e9ada1f13a1d0f1006a6543e9bc848196ad23f802ecbb5143,huit_openai_responses_direct_sdk,gpt-5.4-nano,success,true,b0db59d735deb3a2e9d4a84876902e64e1b945760be3f1886104cbbe5ffac559,9592,6,5998,0,0,false,false,false,20509495064a0430364d81185fed14bcc675ce06f04db5ba0752ee6fe1eab8d9,2105,2876,634,3510,78.266134,,,false,false
live_1000,cex1000_c89975ad02dfd16c426bc5c9,resp_0ac4b2c83f2eb20f006a6543eedc348190803d317871d74ba4,huit_openai_responses_direct_sdk,gpt-5.4-nano,success,true,0b0303c983badb3d7a165acd10f80e072811b59f5cd306d42aff1278f17e654d,9289,6,5657,0,0,false,false,false,ef274b67eccfb935f278c79b3594d45fd6ac4f3a074870077784fe00e3155326,6110,3145,2385,5530,97.048133,,,false,false
live_1000,cex1000_c782a922bd6845b4a54b24e2,resp_0aab18f5df28252e006a6543eedc088197bf87b8d5ae31c13c,huit_openai_responses_direct_sdk,gpt-5.4-nano,success,true,e0584b84e2a898d2e6dca343fed9d8942259787071f87c03c6d5f45e35a79631,9595,6,5999,0,0,false,false,false,d7ac684940e548b69a010209820756ae38e56ce25796040320fb758cfd374eff,2339,3000,846,3846,84.822709,,,false,false
live_1000,cex1000_0bd691a0f67fca980e3a6dcc,resp_00005e7b464a647c006a6543f569c08194bb42120c386e452c,huit_openai_responses_direct_sdk,gpt-5.4-nano,success,true,339148892fe2f39a43a373d9efcd78542f5ae379a2dc893ada19bfff1ae7071a,9593,6,5999,0,0,false,false,false,fd96f449ba944033c6d5209f5431872e685352200f1016186c449695578fca74,1879,3050,725,3775,91.202520,,,false,false
live_1000,cex1000_2db898d8f4507e03e1adf3fc,resp_0356dfbfc682d658006a6543fbcac48196949774ae529eb288,huit_openai_responses_direct_sdk,gpt-5.4-nano,success,true,915714e640199b5e5dca7aabc652c67cb6392a8fafec2cf195fbfd514e8b30e3,7844,4,4655,0,0,false,false,false,1faed9d72f9b4f1680e0bb955921832fef72a2dd72ae9f453d354462219b5253,3264,2727,1183,3910,99.777758,,,false,false
live_1000,cex1000_201f2dcec74ebd48efa06b19,resp_09a2cba07706734c006a65440484fc8190b0367083a516d25d,huit_openai_responses_direct_sdk,gpt-5.4-nano,success,true,14168eda3c17687444497f5be1572313d1477dec0ea9f830d5a5fd2422906d74,9677,6,5975,0,0,false,false,false,4a6aac5d116199af6f1db34058d7b43e992856dc4a8d5d9179771dbafa9cc065,632,3104,268,3372,2.867720,,,false,false
live_1000,cex1000_cbc2a9f25a0d9f689a669c04,resp_07cc866d6c586337006a65440480088197bd34604d591e0654,huit_openai_responses_direct_sdk,gpt-5.4-nano,success,true,544bf5777fafa9c155d4321c518635d3288a0475637e76306beeade0946df11e,9624,6,5998,0,0,false,false,false,46be91eef0b3d71e91c62053f70399643ed11e3f16e4c515861bfdde13883ca6,7517,3322,2487,5809,17.755502,,,false,false
live_1000,cex1000_ea9717b49e6954cc70e41708,resp_031c8d0c34f4c682006a65440739048194ba7d950afbe85ec4,huit_openai_responses_direct_sdk,gpt-5.4-nano,success,true,4945c58b9f642bf70a1c118ae00570db12bc27cccde32bc47be0a34a090d3d4c,9665,6,5994,0,0,false,false,false,e0e14e49bcbc19123f8f60e4e2ddc2635ce40e58f00adbf216291cfff587d07f,2580,2830,816,3646,9.786674,,,false,false
live_1000,cex1000_a1055fa431d5a85268d2dba0,resp_0d56a6b2e7216f24006a65440e337c819497d379fb1e89ae55,huit_openai_responses_direct_sdk,gpt-5.4-nano,success,true,0c87f335219f3500528f44177868ed55dc72a6f38e92b8c6c469d20f88b380f4,9603,6,5999,0,0,false,false,false,89861cafd24dd701bc80123f231da2b6c28b374fbdd27f0d55704266654f64d3,3563,3322,1687,5009,22.392688,,,false,false
live_1000,cex1000_15107421e42bb8b9a3fdb0c3,resp_00593a80b638c62c006a65441621e881968cdc281ba2408157,huit_openai_responses_direct_sdk,gpt-5.4-nano,schema_invalid,false,b34bdbc80cc9a684027c441710104c7f21291bd25ccc7ff3cce52febcb75442f,9608,6,5995,0,0,false,false,false,212dd28301dcdd1bfd67d1494258240af340c46b8c062ada0f732d60a950740b,6169,3028,2557,5585,36.377213,ValueError,non-base compensation is in quantitative array,false,false
live_1000,cex1000_cf2fb5cd683a40b26845bc71,resp_0a2e8ac63f0e28e3006a65441ac7d88195b0443e7db3b6e1a8,huit_openai_responses_direct_sdk,gpt-5.4-nano,success,true,415384309308b4d7e22cf21a7285a3c8595b3eea8ba5ea8980bbc5202221ebc6,9608,6,5998,0,0,false,false,false,7867177a093595912a62bb95a12ca0197d2c90494151a2d7c6e215f3593538c9,4467,3088,1548,4636,35.149086,,,false,false
live_1000,cex1000_498b36a7ed9eae35db6dc67e,resp_01741295d5723f67006a654427869481909f5aa0b199031955,huit_openai_responses_direct_sdk,gpt-5.4-nano,success,true,84e6932a18b25719ca4aadce490fa792a3683808d1a2c269708f17adce2a4480,9608,6,5994,0,0,false,false,false,1d39d4df09c4b979656e043d69699e8848208735fc5c2cd985792492d346f217,885,2981,521,3502,39.447755,,,false,false
live_1000,cex1000_d1c21ed170ba4c24db83f5b8,resp_0de55bd4122504da006a654428be1c8193ab6603f485945358,huit_openai_responses_direct_sdk,gpt-5.4-nano,success,true,a22110f51708fe53dc5d98c0da5f1f021e118970f1740739ee14e8c4b175ed5a,9611,6,5998,0,0,false,false,false,999fa09fbc89d5a72dd8aa7bf44f9d9adbbd36f33b4dfdafba0420d7fd402c61,440,3040,164,3204,38.438572,,,false,false
live_1000,cex1000_72341419b2f2c6621d7eb265,resp_0f594f7c29b174aa006a65442ad4888193bc074a1f8d3d463c,huit_openai_responses_direct_sdk,gpt-5.4-nano,success,true,628a4268cbd93d2fc2b981bb4965d9b22d571371e498214ce3c2bcdb76b69361,9620,6,5996,0,0,false,false,false,bf8e2fc0ba1d742736477e6524aae03adfb57c066c2c539451ee688b635be052,3336,2863,863,3726,45.301916,,,false,false
live_1000,cex1000_9a85cc120f63aead888df0ee,resp_01e7af6c453fbe5c006a65442bd26c819690fcaaf0562f90db,huit_openai_responses_direct_sdk,gpt-5.4-nano,success,true,30eeeca9061719054514045e7bee6ffa22d592c8fbb320368946cdf7843a61cc,9581,6,5982,0,0,false,false,false,08da6d941f9b27a9dc336ac9bf933f2fb41f3c89ae03b6543b510c25f195dadf,601,2714,258,2972,42.066882,,,false,false
live_1000,cex1000_5dc1dea8d93154dee4eeb4e2,resp_0eaa70de6a3b337a006a65442e6a6c81908b24a759e0374a32,huit_openai_responses_direct_sdk,gpt-5.4-nano,success,true,9067668721858b2d087cd872b3dc18947d8eef5f438dd62481295954131632c5,9638,6,5998,0,0,false,false,false,728ca2e60b440f05ae2dac881d15423961a4beb85675ba9ab5858329201bde5a,1676,2935,529,3464,46.345693,,,false,false
live_1000,cex1000_c50e2176c19dbb71fd33c1f3,resp_0a5f5efd97889623006a654431b2588193949631ffc470a337,huit_openai_responses_direct_sdk,gpt-5.4-nano,success,true,2fd17952f4578980326b8696d1097727ab7eb387c8e022ef6a3c9e6005409620,9597,6,5995,0,0,false,false,false,7aa4a246c217883c861e2f9c1de509a34072b6716f41fa150b7a56162e3a262c,615,3008,241,3249,47.890124,,,false,false
live_1000,cex1000_7312ba8f4a5760f2531c3bea,resp_0799dbac1e76acfe006a654432b9c48193a2ae6cffa4fdb350,huit_openai_responses_direct_sdk,gpt-5.4-nano,success,true,c21611840cc46334691bbc97e9890f2438c5425b5cca088d0e100fd8870a3725,9586,6,5969,0,0,false,false,false,e9579e2097beeaa8bf8d6dda1dc91c9e8996d36752c4f76a2d24e9e52d16a846,1429,2960,582,3542,51.774139,,,false,false
live_1000,cex1000_e8e83608475edd1034d8af04,resp_00de9bd765d61251006a6544343dc88193a99516830d8ce168,huit_openai_responses_direct_sdk,gpt-5.4-nano,success,true,c991575a19fbb2f66759a58785b5668646ec8f2b189826a98cd49f1cd056b14f,6946,4,3806,0,0,false,false,false,21b2eff61efdb2ef58629d882652197e5cebbaee4d538707046cbb0963405598,3081,2380,892,3272,55.025477,,,false,false
live_1000,cex1000_351803e71d8dfc4ba4721d54,resp_02c95a6a325212d4006a65443828a48193b23a362794d64102,huit_openai_responses_direct_sdk,gpt-5.4-nano,success,true,4db7f7661974738a3aa6e757cacf5e26ac4dd340d6b74ddbfe8b18659039e407,9582,6,5998,0,0,false,false,false,2cc1ad8c59122103600fcc968dc836a0c246e79b91d2545792d854a12d63db17,556,2653,237,2890,54.214554,,,false,false
live_1000,cex1000_ffb34951a3ba7bb3a2c2e1b4,resp_0addf50272b6a633006a65443a9a9881958f00c793b1c7a9b0,huit_openai_responses_direct_sdk,gpt-5.4-nano,success,true,f6f9e6e1e420506856f1109b2780ef54ba58f817d20794626e67aff3d7275d0c,9670,6,5993,0,0,false,false,false,21539389ea401944fb800d4065a344a4b32a42d2558c741e2ebe5f91406225d2,2838,3105,1091,4196,62.127938,,,false,false
live_1000,cex1000_5f64492d0aed14a457df8ddb,resp_01283632592c4a40006a65443b67f08194ac5a8012fe9bd7fb,huit_openai_responses_direct_sdk,gpt-5.4-nano,success,true,9d48c49f2a9563ac956ba5f662b28928c83b1e993a32ae2eaea212d8d0e56e1f,9602,6,5996,0,0,false,false,false,546dcd437b6396b5ce888e79d0f6d1c32117e5191e273fee7e3a820332b7a6a3,503,2974,229,3203,57.400374,,,false,false
live_1000,cex1000_9a7be49d7aebc83f92977ac6,resp_0888200f0a7e987f006a65443dc65081979974f7a78923dc6c,huit_openai_responses_direct_sdk,gpt-5.4-nano,success,true,1633c28816dd62eaecfdbd172a8fddf0454051546649785dfa4f27458859c9f4,9638,6,5997,0,0,false,false,false,29383ba603015944e831af2d6feee6f6925cf3209571314532e4a8ebaa8d8eb9,4966,2974,1460,4434,67.884794,,,false,false
live_1000,cex1000_408c65bf3b8ef7ed68932098,resp_08fbcaa3aeb372da006a6544427d648193aef34a7cb58df1bd,huit_openai_responses_direct_sdk,gpt-5.4-nano,success,true,1368f9fce08b119b72e2cbd6f7c9d7fe952814be9e48d2697c7a92d0eafdceaf,9615,6,5990,0,0,false,false,false,f51c7525dc8101feb66b6901c70ff2188490fd27554f3c9fdf6082f2bbb1120d,3201,2968,1255,4223,72.055442,,,false,false
live_1000,cex1000_b6d93a6e3d2f1325a277e09e,resp_0dec1a2fadf6fd59006a65444849a08195a96d196b5f8ce1e3,huit_openai_responses_direct_sdk,gpt-5.4-nano,success,true,f2137e0f46e1b6b6850f11a1165464d063761a53c1a41c236c91cf5310ab8f39,9635,6,5987,0,0,false,false,false,3631856f2dc72d18b17516c8b32e822280025e0b4bd27166615e732996e7ceb6,1627,3227,665,3892,73.050370,,,false,false
live_1000,cex1000_0cd726f7ff67efae58bbc134,resp_0444111416b9c026006a65444c76708194acfddac42bc2deb6,huit_openai_responses_direct_sdk,gpt-5.4-nano,success,true,5998a12549b93ca6c36114e4f374c602ef4a156dad3561559ede4e4803214b24,9605,6,5999,0,0,false,false,false,12c4e82ac241362b3df657c2239cf4576b4136fbfbbc1bc9718337618a0114b5,2888,3019,964,3983,79.501917,,,false,false
live_1000,cex1000_96470f953776ed50409302b5,resp_09ef626fd7f6a94c006a65444d673c81959da776e8431a05ea,huit_openai_responses_direct_sdk,gpt-5.4-nano,success,true,5cc6e0216d7d8dfc86c1808ab319366f25043f9830b1737a0bd610c1f3f317dc,7537,4,4353,0,0,false,false,false,865e1c3a11304264d8f53a9eafd21a6a607eac2d5b0fc1f12afa931f74d0b5d4,489,2625,154,2779,74.893080,,,false,false
live_1000,cex1000_0dc6ddb07846f8b62e60b284,resp_04ed9c5d139c804c006a65444f462881908ba4172c6c958e99,huit_openai_responses_direct_sdk,gpt-5.4-nano,success,true,88183de97bcc8b8d9f815650540de4f4a49f6ea3232cb4289439f61b52afa50e,9576,6,5997,0,0,false,false,false,23fd12ee23abc7a0050717097ccda29fa441250ffa2c281da834612a5065cc10,538,2958,220,3178,77.321720,,,false,false
live_1000,cex1000_fb8b018b3fd1fc6f43795dd0,resp_07f0a0faccbc37bb006a654451aefc81959148d74e068cd533,huit_openai_responses_direct_sdk,gpt-5.4-nano,success,true,f37b9f00dce463c52efeb30f15d2513de6c109c9efd8896c0a9c34ee35a07e75,9599,6,5993,0,0,false,false,false,5f670427f547fe24bbca38fdd9eeebd5b739a1bc4543e7b519c6ce95ae0f4fee,7304,3033,2281,5314,92.609904,,,false,false
live_1000,cex1000_070a46be71e9d947620574c8,resp_0cba1ff4e341bfed006a654453e2f48197b33a09e7980ab03e,huit_openai_responses_direct_sdk,gpt-5.4-nano,success,true,85567b5fff86b75131b03996e8c9897185b4d244d7ebca0e4aaeaeed4da3d9df,9625,6,5991,0,0,false,false,false,dcae294e85852517c2272a30aac2dd0bade4bb6aa25a9513e736c75b2156849d,3117,2958,1404,4362,90.830189,,,false,false
live_1000,cex1000_bb94b3a47589687bfa15a57f,resp_00efe13ed42106fd006a654461160481909dfb6bc9bee15a57,huit_openai_responses_direct_sdk,gpt-5.4-nano,success,true,27f5e3ff99cd9c64d566868050aaeac6e9077ff7150993305a3908e2ce65b49c,9624,6,5994,0,0,false,false,false,ff97878de28463683e2ed402802ed085ccf0d41ae25a7f6b1250484ce424d767,5261,3104,1936,5040,13.775232,,,false,false
live_1000,cex1000_862d44b9d9e24517671ed53e,resp_04c2eefbc96bca40006a654461188c81979cce85ae024894e8,huit_openai_responses_direct_sdk,gpt-5.4-nano,success,true,83e5111e81391a4844668994884a9f47a9c3c11fb74485cbd9182f2e21f1b437,9855,6,5998,0,0,false,false,false,2bb294412f5d1c621d65860e3627880c36497bb7915b97b3b41d0ab1e0d7047a,524,3342,220,3562,2.457544,,,false,false
live_1000,cex1000_84ba578428f8becba948f3d3,resp_048a2b8e39fd8384006a65446374088195aecf7a8e51143cbe,huit_openai_responses_direct_sdk,gpt-5.4-nano,success,true,799c4497e86b5c30b0c23a4ab503db33c3deba1b15f130f26155663cf00e68e9,7915,4,4703,0,0,false,false,false,e387b5b3da12094e5a20c3f40685306711efded4b55d587dcfa22d61f91a393a,5022,2886,2142,5028,18.116127,,,false,false
live_1000,cex1000_606c5867e4e29df8575076df,resp_086f2b08b5086aac006a65446ec9e48197a6fc3bcc4a4e1915,huit_openai_responses_direct_sdk,gpt-5.4-nano,success,true,46f6fafa151f1d583fbcbc255f5f7dbeabd6102cee18019a44fd435f43c3eaab,9589,6,5989,0,0,false,false,false,1a783d488661afaafbca2e18e0e87f02e406982ba6255277c20e4d28ce96b975,1191,2968,444,3412,17.699829,,,false,false
live_1000,cex1000_10c49910757af5301145ad58,resp_02bb86047dd53568006a654472b4688193a2c4c35fba8f89df,huit_openai_responses_direct_sdk,gpt-5.4-nano,success,true,277d1ee4736ae5f03624c8d5a0e155be78e5e8487778c6b4a8e9a17c06eddb9a,9602,6,5996,0,0,false,false,false,7da541fec2805175103c0888d7b807c48c9b8e37827548a6d5a0ca24d3920970,4779,3010,1686,4696,29.952323,,,false,false
live_1000,cex1000_ccfb83b3fe367eb8b05790f9,resp_05a7a8a48464779b006a65447320d48195ba85a795397bee09,huit_openai_responses_direct_sdk,gpt-5.4-nano,success,true,df1e46179319342b82517fa7175723c8f8bce12b3ff6e6b6ed7fbb9002239adb,7825,4,4654,0,0,false,false,false,ee5bfc25e111a045b1c804c647a064c0deff9b079fb3f103e2c5866fefe70f8c,2970,2596,1094,3690,26.394271,,,false,false
live_1000,cex1000_ed53dafbcaec2d55bbe07e28,resp_0a7de7281541f5f4006a65447b698481939f3f732351d277a4,huit_openai_responses_direct_sdk,gpt-5.4-nano,success,true,53a03005e103256fca68d3803c2db8d5596690f5dbfdd894539ddd71b010c0ff,9955,6,5998,0,0,false,false,false,ae8d45c1a29628efd42ff00642d95d7ba9873f1c68a57799703493d3c7c74ab4,555,3132,210,3342,28.885539,,,false,false
live_1000,cex1000_0370cdb8235830d7fa3870d5,resp_0adf7372df89a5c3006a65447de9888194899897eb375fc7d4,huit_openai_responses_direct_sdk,gpt-5.4-nano,success,true,9d8ad14be863ee3d7531245f5dfc0e60f4f93397f9bfb5274fec8d05ec8e14fe,9600,6,5995,0,0,false,false,false,7790b361cf4b685f1bd7bf23309b9a4ae2f1dabf1ebbf2fd18d4d0989df92aff,1405,2981,529,3510,33.840480,,,false,false
live_1000,cex1000_7d69e7ec3ad7044a51271e4a,resp_09b579ee694b2480006a65447efda08197bb461598f203b6ac,huit_openai_responses_direct_sdk,gpt-5.4-nano,success,true,3dc66d11448c4b9ef215d9a234da69c381a8bec7e42232674e96e4e1f46d448e,9591,6,5999,0,0,false,false,false,1f5ff5eede6dbd6e8ae0e0141d27ac1b7ba218166b2de397b9b03d5f10903bf6,591,2899,347,3246,33.520376,,,false,false
live_1000,cex1000_5369117ba682d69ed53e7e20,resp_0ea41385285608b6006a65448289ac8193989b79e6db90c4c7,huit_openai_responses_direct_sdk,gpt-5.4-nano,success,true,e418c4e55d253d4a7c57b84f0450597010eb7eb6da123404b77c8b9425d86e6a,9694,6,5958,0,0,false,false,false,12b852d7b13ecba14b59d1a4f8ae3f35463ec4da4619d6624c8693ead84fae35,3004,3048,887,3935,41.362544,,,false,false
live_1000,cex1000_04b836ed41c17c6edeb241be,resp_0c110d6d47b56556006a654482dad88193acedf64c18982f5b,huit_openai_responses_direct_sdk,gpt-5.4-nano,success,true,b535cbc747ca4929d18979703b8700ec053d5d54734ebdc386691b3ad2d0065d,9020,6,5373,0,0,false,false,false,ef5c71c3baa75853fea560a81f62bf2a6862c38053177ce0be97703bd5e906be,5655,2823,1887,4710,47.609707,,,false,false
live_1000,cex1000_d2dd8a9cecd52eab30ebd779,resp_0cf19b392a1302d6006a65448a6fa481979920afdad9cc34ee,huit_openai_responses_direct_sdk,gpt-5.4-nano,success,true,f270b0397146feac3959f617eb578d31d77f5f47fd9122a92943dee1335a645d,9654,6,5997,0,0,false,false,false,8967235d1bf1ae577f4937aa1f9d93d9f4d74d26784895fffdf1fc174c27ced2,2451,3095,1074,4169,49.883511,,,false,false
live_1000,cex1000_e3a2f4704927f916738b8c52,resp_09fc435496a0b0ce006a6544909e848193aa24ef68d6fd65dc,huit_openai_responses_direct_sdk,gpt-5.4-nano,success,true,8c2cfea3518a3f10e3b145e0a1ec087b108ac4582121dd8b5ec54d9d6bd808a3,9667,6,5994,0,0,false,false,false,a76fe9375899333d185d49c83708894aa4e2013ba454f9fbbf4394c17d0119a4,533,3315,204,3519,50.091041,,,false,false
live_1000,cex1000_0609f65404322d12789c0961,resp_0bce4b3e790e4841006a654492ea1c8196886d0cc13ba95b8a,huit_openai_responses_direct_sdk,gpt-5.4-nano,success,true,2fbd1e5d478b2605c625effbf87876d2ec43ec5d9187a9130693dc5bc86508e4,9588,6,5999,0,0,false,false,false,c2fb9dd3e122bbebf501b67d5bacadea94c70b7a4fa6c40fbe1cbe1946742fa8,3645,3000,1201,4201,60.164792,,,false,false
live_1000,cex1000_608b990e55ef604721648e25,resp_0ca6c10ce5d58022006a654493146c8197ae513d1f1080bd34,huit_openai_responses_direct_sdk,gpt-5.4-nano,success,true,b9698c7a4b13ef8e8737105d24a51c1b5129e8058f0152ce62246e9518c9e4b9,9578,6,5995,0,0,false,false,false,97fb09219ed2890f7b8e6146b33299735711323d14eb27448add2d659ef2c5df,2379,2992,822,3814,57.519969,,,false,false
live_1000,cex1000_2074e2fd9dfba2ce67029050,resp_02297a13a1d0415a006a65449a8cd48193ba535cbfa192f370,huit_openai_responses_direct_sdk,gpt-5.4-nano,schema_invalid,false,7ca02be0027552d9ef9bd63145957edc895c91a9e4678f319cc936bb7131da87,9625,6,5999,0,0,false,false,false,2718c3b985b70bd8d16ee2bbc3b0908899f60c0295524e61defd55bbf65122fa,6732,3080,2161,5241,75.583328,ValueError,non-base compensation is in quantitative array,false,false
live_1000,cex1000_16f462104026e31ca3b984e1,resp_0e7a33539394d6b6006a65449d2a9081958b0be6805d0bed20,huit_openai_responses_direct_sdk,gpt-5.4-nano,success,true,18bf349663f2076215904b383f364d5fc1ac2bfc71d7aa633e4a498c796dedc0,9656,6,5997,0,0,false,false,false,3961db38d1ef11e5c2770e763116228fed7a3b4259cefd798f093751eb51bc5d,3192,3065,1013,4078,69.000281,,,false,false
live_1000,cex1000_65ffa154f6b3c778478bdb37,resp_02bb8a970b1cd261006a6544a609208194a6b786876adcb189,huit_openai_responses_direct_sdk,gpt-5.4-nano,success,true,81155e6b98d04f98198a42f1409ae75cd630b99e681fc3444351583f92cd1ae3,9602,6,5999,0,0,false,false,false,f4dff15b8c49be16d597a4984f93de6c4ea5746739212aa272709bb44043163c,6564,2819,2022,4841,87.195637,,,false,false
live_1000,cex1000_117dc02569d1133da59bd47d,resp_085beec0c6f46da7006a6544ac9ba0819081e47caf60c6752b,huit_openai_responses_direct_sdk,gpt-5.4-nano,success,true,b972663ab365b939b55ec576d636f7a3be8b88c4b597e782c95b35264f7257ee,9630,6,5997,0,0,false,false,false,ac1c80ca691806cc9fc1aa2389e765b29b9cc03bd301790436688829876e9bda,3339,3017,1129,4146,84.293569,,,false,false
live_1000,cex1000_036a795a682e6901b79d1f82,resp_06ecf66ef1d90989006a6544b54f4081978dfcad7c09d97adb,huit_openai_responses_direct_sdk,gpt-5.4-nano,success,true,d88eb1eada169e7e38ed5ff3c91674362ecd0ea524244e36d5c32ebfd578835c,9667,6,5998,0,0,false,false,false,e1fa3346fbb440706f846ff31e0bbaf65d402325c7ba15b3048c08759998b6e0,1028,3032,424,3456,88.580203,,,false,false
live_1000,cex1000_021cdec796c049e04b46eca9,resp_03129e40c85790e6006a6544b83420819484eaa758861742f9,huit_openai_responses_direct_sdk,gpt-5.4-nano,success,true,1174851d40c1ed1b41e1903fee2f4f4c5d48c735fdf7317b6357e58c06bd35a8,9618,6,5994,0,0,false,false,false,756f62311a8ca6944c2f29c24ae4446a163c9362e63330cfe7aa2d65500b2cea,501,2638,242,2880,89.981826,,,false,false
live_1000,cex1000_7728ebd6bca1e91e16955e6a,resp_03a0093ab3396804006a6544b99b248193878cf0f2c32e7e55,huit_openai_responses_direct_sdk,gpt-5.4-nano,success,true,aab8bac9c7fda21cb4eef38a1639e1fa416b44e5c7549884879fc20705e12fe2,9582,6,5997,0,0,false,false,false,70cc952947ec94460746b604d9287d65b4dac7de8d02533fadb95c0d446cb032,2919,2988,1049,4037,100.837569,,,false,false
live_1000,cex1000_c3dba3c5b3f5cb42bfdd4ef8,resp_00b4b07b38be2dda006a6544bafc9481979b7d4e42f6eb6990,huit_openai_responses_direct_sdk,gpt-5.4-nano,success,true,b9b3044903bc53238d7275234756bf07ba8fbf6895b516b02aa61fec8df90894,9579,6,5996,0,0,false,false,false,47130b838a28044a201de516bb57f8875d6fe5e4efb3d0f9892724189805dd65,4955,2931,1531,4462,100.837889,,,false,false
live_1000,cex1000_717c3b80483aec1697f186d5,resp_019d36bfde81844b006a6544c5dea48195aba22779bc1db7c3,huit_openai_responses_direct_sdk,gpt-5.4-nano,success,true,b11e4b23c09b37e09246c5abac35d51b234c6dacc62215b2faa45f2afe42dccb,9621,6,5998,0,0,false,false,false,aeb615341cf8911b0a8df5e920cc3f5bc039bab19d7f6fb377a25d1da0bb8a94,3567,3137,1248,4385,110.014535,,,false,false
live_1000,cex1000_ec3d6b943e5d4dda0ca102e0,resp_0eb1b13eb5dd4a80006a6544c5ebb08197b7db042b18d43784,huit_openai_responses_direct_sdk,gpt-5.4-nano,success,true,dbb542ad015db5d4e9458ed7d925f972a475d7007093b0983a797de7da47ede2,9615,6,5996,0,0,false,false,false,6d5efb2f861dbdb23be99b97c45485eeadb3436e423180924aee51feb579a1c8,2808,3009,792,3801,109.205398,,,false,false
live_1000,cex1000_73fef095e2e4d8d728897234,resp_0f70e60bb4b56e97006a6544cf23b08190aba24f3de38b2c63,huit_openai_responses_direct_sdk,gpt-5.4-nano,success,true,522565740516a17c368561497f9d10120b85d3a4a701bbafcaf70239f2a181d3,9620,6,5999,0,0,false,false,false,8cee164d03ecf543bb388576e79199cec41b0c1e9c631ff95abe45a1aa010f3e,2078,3028,856,3884,6.635321,,,false,false
live_1000,cex1000_679a6d30cf9728c5c01802b9,resp_077995a7df87b957006a6544cf1cac819785234cd3239266da,huit_openai_responses_direct_sdk,gpt-5.4-nano,success,true,7b1cb448d350893aa384488fe48133d2275f589c6020bf7d61d935841a9a2888,9582,6,5998,0,0,false,false,false,9e963eadd8cbac2edf53db50fa6d3d58612be91d532123f92ccf2e163bf724c5,1597,2963,515,3478,4.339310,,,false,false
live_1000,cex1000_86e56d39df809bea59244665,resp_0159d523acce543e006a6544d36a948195bbb51e1c6d507125,huit_openai_responses_direct_sdk,gpt-5.4-nano,success,true,89fcbfe07274f887e7c00417a8e5a52a34d024415c6b53570068ca2e0a8a4d0e,9635,6,5997,0,0,false,false,false,91705b961643862de7f8e2ea1e0c562f4b386a9ec02083abfb229ed1ec689cb2,559,3022,241,3263,6.952306,,,false,false
live_1000,cex1000_2a3caff0af1c7a020660f52c,resp_04910ee4533cb696006a6544d5b5608197ace3a57dd0ba6d79,huit_openai_responses_direct_sdk,gpt-5.4-nano,success,true,a9d9588c53a91640b1ee4b6a5eb0469b8998fb06089ee2276959491545543fd9,9586,6,5999,0,0,false,false,false,8587e95900f698c1568e2d3a7101de7244ac5015c603aee0e2dae87e706bbb5c,2119,2917,570,3487,11.219504,,,false,false
live_1000,cex1000_c4fbe13f46d74bb7d25130c8,resp_0e0f4ff807a241a8006a6544d602308193a073a5c83560d1e7,huit_openai_responses_direct_sdk,gpt-5.4-nano,success,true,d871a90d38a20eb08b4b2749210d1ec8ea726ecf5b9751ba302e39826fdb84bc,9637,6,5981,0,0,false,false,false,ed6db6a265f0ed6bb3153ae8da321c8f50d9c74968e30ec660f6c0a4ef691549,647,3201,299,3500,9.633700,,,false,false
live_1000,cex1000_1b0809c4af5952fc67b9001c,resp_0621ef3876f9ccb4006a6544d8aeac81939f6ae8bbef40e1ed,huit_openai_responses_direct_sdk,gpt-5.4-nano,success,true,9c4da16ed72075748847c0eb30eddd3ec1afbbbf8d8aaa3373abf690a86aa284,9598,6,5999,0,0,false,false,false,b401f8797dc574230828d2284c8dab7af050f4688294c59597b59981d8c1dee4,6757,2913,2234,5147,28.443778,,,false,false
live_1000,cex1000_9fa5e6d3aea87b5f2d8ae9b8,resp_0aa232d65b92852f006a6544da49f88195833ae355798e1a2b,huit_openai_responses_direct_sdk,gpt-5.4-nano,success,true,cbf34b45de1425934e385b39df4e2058d972f1ab1ff2c119189be57b047466e6,9581,6,5999,0,0,false,false,false,a3a27470731bbc0bcb34e7d0eb692c414fcf122c34aab7a1c8bdb03638e33512,801,2803,286,3089,14.038497,,,false,false
live_1000,cex1000_e6be676be2172627810b05d0,resp_0c6eb888000e2240006a6544dd15ec8190b53b066d19a2d4d1,huit_openai_responses_direct_sdk,gpt-5.4-nano,success,true,4a37b7dd9273f0a79076101155e07ee7bc41b1479b9f81014254a2f5a3bb24b5,10012,6,5999,0,0,false,false,false,458cb758330b1b1ce6dc88757ddae45620bdcfff13272b7b12277772be2e790c,3341,3925,1186,5111,23.411091,,,false,false
live_1000,cex1000_35dc3daf0d4fcd0332f7d0e2,resp_002d3fbfd434a1a5006a6544e699e0819599360bee79eec8c6,huit_openai_responses_direct_sdk,gpt-5.4-nano,success,true,fcaf43de924b5a87d5f08c8dfa8cccd80e5b51341f3a4c97944534353efbca2a,9628,6,5998,0,0,false,false,false,7c90bf14e1b05e7195324e68889261c5765926a8093b91ce412d254932e2ad9d,4886,2987,1881,4868,36.199629,,,false,false
live_1000,cex1000_298acf0eb7a897c72f84c4a4,resp_095c395ee1029423006a6544eb83cc8196848182ddc2a2d3c9,huit_openai_responses_direct_sdk,gpt-5.4-nano,success,true,ec604e28010ac9e20f414b88ed85e9b395fc1ce348371142d40f15ae0bdc7239,9603,6,5993,0,0,false,false,false,badf522502c6f5b87bc713b07240cbd1f04739b3613e52c83a5a94934b0aacc9,3003,3002,1148,4150,36.158656,,,false,false
live_1000,cex1000_41c3a5e06d6e66f402cd7be8,resp_0f095b66a925bdb4006a6544f33b5c819087f1de7ce02b427a,huit_openai_responses_direct_sdk,gpt-5.4-nano,success,true,9024747c0bdf38eb9cae64ccd90d2c71b777c5a4fa17c36a78533ed7096fa7a5,9582,6,5993,0,0,false,false,false,d419dc48c0abd9f382c0acc029bec41165ddf3d089f9d098fd9a6d7161e9fd13,2806,2997,1020,4017,43.336290,,,false,false
live_1000,cex1000_af84a371c33fa01fd46e1def,resp_0c22a1c2b914dda2006a6544f3461c8193aa1125128039ed42,huit_openai_responses_direct_sdk,gpt-5.4-nano,success,true,8f223024c775aa44fc394c1073f52e4fd78c43bab47e769eead566a20b7d9a5c,9597,6,5997,0,0,false,false,false,8bb0c484c005a6759b54059e18ca5a8a7cc6f97f0171f2173c7975aff511b8e4,6043,2753,2171,4924,58.538706,,,false,false
live_1000,cex1000_4b187fb82499b9674cdd1079,resp_03a588d7d18e7a40006a6544fa711c8197a41189ddfefb056b,huit_openai_responses_direct_sdk,gpt-5.4-nano,success,true,eda2acf687cd5472e9699f57c95d5d828c405d8bcdf54840d269b22afd374a19,9666,6,5999,0,0,false,false,false,a8870dc447c22270afde773266144b92183051bf5cae11d580311f480357bec2,6141,3203,1942,5145,57.165468,,,false,false
live_1000,cex1000_843b0a7b13766b281f673920,resp_03dadf092e39b2ae006a65450835708195aa74d577782b30dd,huit_openai_responses_direct_sdk,gpt-5.4-nano,success,true,65fc02dd3c67938cea9d9128f59f069d509d83be1f2788769361c4cd21fef050,9596,6,5998,0,0,false,false,false,fb9c116754831bb15900360b3bee0fbfa18b2d1709f554d24816f2f6c427cbb8,2273,2764,882,3646,64.027196,,,false,false
live_1000,cex1000_70fc401c0d1de8f69e43de3a,resp_099834feb275c2d5006a6545099eac81949bbe0f21920d71c4,huit_openai_responses_direct_sdk,gpt-5.4-nano,success,true,1660338baa66ee11a6bffda423309501690e2f7e983abb7df53e8e13e0ccaa8c,5503,4,2343,0,0,false,false,false,b41837e27e7aa8f543e4cfeff91568419c093d01cbdd873fdf97624e2bc37e40,3115,2320,924,3244,64.832106,,,false,false
live_1000,cex1000_0beeffbe8c61e699f0485829,resp_081c31e0fc9a6175006a65450f194c819483e98086801f7e3d,huit_openai_responses_direct_sdk,gpt-5.4-nano,success,true,d053c1cc4fe633ae1777ee373b8ee39413892ea81162eff8c20aff932655ac71,9602,6,5999,0,0,false,false,false,141caec0ed6e6269089c02e46965c6e7a7998ef685ef62d471fda204fa4004e1,1900,3020,689,3709,70.383739,,,false,false
live_1000,cex1000_eb29788b7defa029e6292b51,resp_050fd97bc965df51006a6545101a808194a242c786881af4b0,huit_openai_responses_direct_sdk,gpt-5.4-nano,success,true,1df520726c80ad724b66eb7ab7bb44422d5fa2f0ae3a242cbfa6e7f0def8636d,8800,6,5178,0,0,false,false,false,2663a6188997eb504135e1574ae49b1299b86e617400f44ed79eb12318c37dd4,5605,2953,2074,5027,80.067873,,,false,false
live_1000,cex1000_a68e37e876e67223569bc018,resp_0180252393c239d4006a654515759481909ae0e8814150ef14,huit_openai_responses_direct_sdk,gpt-5.4-nano,success,true,d2a9959b392dbca3239a932d223cfceb5760cde9f6ba370f6928fbf44c4d1b34,9672,6,5986,0,0,false,false,false,dbe154cc5e866925b1ec9bdfe70dc390698b2e048aeb1e3748fa4464a2cd1558,3116,3010,937,3947,76.704762,,,false,false
live_1000,cex1000_78846584fc9ac02a87eb59bd,resp_084a3be460f1d1f8006a65451bc0f48193a89ce343f2ae2321,huit_openai_responses_direct_sdk,gpt-5.4-nano,success,true,7873a4f84ea033b76bef3fc5eaadc5cdcfad022edd0db82419695ef2f43b75fc,7236,5,3811,0,0,false,false,false,09c091569cd6dd1eb5c5cf9407988d3aaba3fe42e6dff4f9ff77a16a7ae12c16,1731,2699,657,3356,81.714869,,,false,false
live_1000,cex1000_f6a1bcf462b49b811b53d8e9,resp_0ce91048f2a33353006a65451f20f88194942f6017819a5356,huit_openai_responses_direct_sdk,gpt-5.4-nano,success,true,a9e73aaee0a6c1f9088d011831586ba5f9a265013c9339f29c2540d54e882c11,9637,6,5999,0,0,false,false,false,ed6892213ba8397fd51df3ee2b4d27dfde72d19abcbf88fcb6412d931fbb3933,2164,3055,775,3830,87.484503,,,false,false
live_1000,cex1000_38fca190db8ff1608d1cdc6b,resp_0420829901d01003006a654520be7c819791d7a3fcd1f28359,huit_openai_responses_direct_sdk,gpt-5.4-nano,success,true,fa2e5222f0f95fd688c6d61d32bb4d0bf0db0fa660198f7bce1b3af067a7814a,9610,6,5994,0,0,false,false,false,161470c8eb46e8887d4426e8f504fd4af931278012a81f9e61dca07eafe27956,1720,2956,648,3604,87.110963,,,false,false
live_1000,cex1000_738c45b19dc0a253c7954a5a,resp_0bd7f3d58c2edfd8006a6545263274819390c1dc9f195cebd1,huit_openai_responses_direct_sdk,gpt-5.4-nano,success,true,c6fe74276e991f969f067c0b09d5ce59fdd91d62a5a05d45bddf5363604f39b3,9647,6,5992,0,0,false,false,false,4e7956c13022c0d9b96eb8dd702c26b66d480d9afc0e08cbd00c6e21dcae0231,1738,3183,725,3908,94.189865,,,false,false
live_1000,cex1000_ac6a8aa15c24cc628ea1c487,resp_0f9b150eca1f4342006a65452686c0819789d28a0e31cb4048,huit_openai_responses_direct_sdk,gpt-5.4-nano,success,true,c990d29d74c1d79771ee8ab5756beb0f727161541ee67ead9b1732da4735f6ba,9664,6,5987,0,0,false,false,false,547dda5f83d3b44a430592b796752e83eb69c6e5aaae342b7da6397808ae5149,2166,3031,908,3939,94.460583,,,false,false
live_1000,cex1000_db51721a980de13245e5443d,resp_0e7917f29fb72af5006a65452d3e9c8195b6d9017116af6b7b,huit_openai_responses_direct_sdk,gpt-5.4-nano,success,true,1743af119bfc891edfe7744d1c2eeeb2360ff9f58701debbf82b80516336b806,9635,6,5995,0,0,false,false,false,e3bf342c9f4cac4f50a5f2d772996b0cfbf1a970f92c191f9e4c65a7d92d23a8,3283,3110,1165,4275,104.559379,,,false,false
live_1000,cex1000_1800cf4b83dc6e50b2bf1402,resp_0dd9e6424c6bfc0c006a65452d8da48190b544c6f18de4f32c,huit_openai_responses_direct_sdk,gpt-5.4-nano,success,true,b827a550bcd764c46919f320addacbccd9ee7a7fc6e6fc106eea41c5009e15a9,9617,6,5991,0,0,false,false,false,0676b0f95e70297d6fdb736e3acf27b816594a4eafa4959789ffb73b3f4a7bb1,948,3003,425,3428,98.527763,,,false,false
live_1000,cex1000_48120835a7aa06e4ee046caa,resp_0aba6aafb7ff216a006a654537d0b4819387fda59148334884,huit_openai_responses_direct_sdk,gpt-5.4-nano,success,true,29586be5aaba781824f18b4e56c9ad336cddc5fed698673f0bd8ae81eb1e77b2,9615,6,5999,0,0,false,false,false,3eda6338363b37a704bcb727aa69e17c1117704546e1f36fcdd1f94829ce5f60,4295,3234,1731,4965,14.601291,,,false,false
live_1000,cex1000_6347ad6e28c22ddbaef2ae24,resp_0c407a7790eff53b006a654537d1e88194ac180aa5250680a7,huit_openai_responses_direct_sdk,gpt-5.4-nano,success,true,322d4ff6ffec94dc2314cbcae057f662d32bf97e037a415ee3af2c3f4929d802,9568,6,5996,0,0,false,false,false,9fac651a888c2a939079294e93e3485c1bfd0e30239831c423929517f08a3870,740,2762,314,3076,2.915794,,,false,false
live_1000,cex1000_4148e18eeba6c95d4623a80d,resp_006a0ec5cce77f7d006a65453a965481969a64d1ea0b0cc22b,huit_openai_responses_direct_sdk,gpt-5.4-nano,success,true,e09ff5cbfcc06bddd7ad780a4879b7d357146324352eef2d3139b2bb78cbb40c,9587,6,5999,0,0,false,false,false,555bd8abfd8397df87f09f1e802b9e1305a1d3008b280592036c1728b4bffe94,1983,2978,543,3521,7.426292,,,false,false
live_1000,cex1000_7580677482be07df791318a6,resp_0688dd925b7ce2de006a65453f0fd0819680f1b96b710c1f14,huit_openai_responses_direct_sdk,gpt-5.4-nano,success,true,749de0555d85a97f7274ab66f75f4bd2b55e868bcc10738104fabc115df6dc93,9571,6,5992,0,0,false,false,false,d6f4d631336209e437cf830722c93bf7c470f74c6f00403dfffe7b5a6fcc2793,1945,2910,624,3534,13.006780,,,false,false
live_1000,cex1000_0984548327e44ffdc447b936,resp_0ccb819cb564a2c1006a654544a86c8195905b15d35e3cc882,huit_openai_responses_direct_sdk,gpt-5.4-nano,success,true,fc03ec07495bd603d94365a2347329407fd07694ebdb86d865a6c61f29bf1b1c,9583,6,5997,0,0,false,false,false,77e0e71e3cfbafbaadc6081341af9908418e5078a496755601d8ca82e9cb0d19,2563,3020,1003,4023,21.063842,,,false,false
live_1000,cex1000_0b4ccb19ea9bbb5379e85d77,resp_005c5f436ed8703f006a6545463cd88196952d4dc756b14002,huit_openai_responses_direct_sdk,gpt-5.4-nano,success,true,df77199f66faff46ca6f2c5e2aee4e972c9170b683946d3b6e2d987dba606d2f,9589,6,5998,0,0,false,false,false,25d62cd4528902acf5056daeeaddf5c1ce42c25ca5e84f5ab18ed46023ea3084,3837,2664,1162,3826,22.906782,,,false,false
live_1000,cex1000_6f0e734f8b739e84a0a4d5b2,resp_010cfdea1318913c006a65454cafa48194b6a749a78788c007,huit_openai_responses_direct_sdk,gpt-5.4-nano,success,true,4a24c17bee220174669e7d7bbbc640a0294a4825587a578d6acb9c2f2c4c3567,9621,6,5999,0,0,false,false,false,75f25fccb8a7948cc4a00eca0d1ab6ea6d1a2f952b2c716202ef3176d6e10288,3217,2939,1005,3944,28.607327,,,false,false
live_1000,cex1000_7a5819161a7b3bffc18f3c33,resp_01c0632e6a2d0a05006a65454e904c8195bf0a1d593e4b8cdc,huit_openai_responses_direct_sdk,gpt-5.4-nano,success,true,f4b8e7c10ac2a3772ebeef6e452feb93e4ac144dc5ae6a94d9197d7b6d9ec854,6952,6,3291,0,0,false,false,false,1d3c8a7916aecdd6a182b0f031697d3c26a954d02dd6a0f67a223bb82c02d355,2950,2582,1198,3780,30.928807,,,false,false
live_1000,cex1000_3aff8cdd8f2cbdd8cef4637b,resp_07fff6c3f93e32a3006a65455448e48196b6476261b19fe512,huit_openai_responses_direct_sdk,gpt-5.4-nano,success,true,d0979e490bd8e83dd6d0937c0aa5869edd153b67b89a7a80c187c5a585154eef,9822,6,5998,0,0,false,false,false,92b2112651372224fe35b4af2b759e03ab8f3b40f7110500ef3754c9349b6a00,2132,3328,700,4028,34.166667,,,false,false
live_1000,cex1000_607bed36d7726512d9b05624,resp_077daf39667fb744006a654556a2988190b78142fe100a87f8,huit_openai_responses_direct_sdk,gpt-5.4-nano,success,true,3a0307cfa9e034a02c8c5a7679115413a4d1f753eba4b7052092b32fa2bc40ae,9600,6,5993,0,0,false,false,false,efdf813975a6afa94650f0795a5414a5c81f2dbbd8d1f181f4785ace0794fe54,564,2950,192,3142,33.456430,,,false,false
live_1000,cex1000_64aded47e540e361bf735ae8,resp_026de7408c43d55f006a6545591af48193a44736f7c2641db7,huit_openai_responses_direct_sdk,gpt-5.4-nano,success,true,fb6ec7d29d985b37582567e441edc03a8d734c05eaee4f926279d4e6dd7af800,9771,6,5999,0,0,false,false,false,b97450d0f8a9499ddc7b81a35805d2fe49db3a85630d453bb4347cdb79d1929b,3315,3191,1125,4316,43.274156,,,false,false
live_1000,cex1000_f0db58f26747aaf7dcd1eace,resp_0d488b77d0ebb808006a654559d4cc8196962c2f341059d43b,huit_openai_responses_direct_sdk,gpt-5.4-nano,success,true,3f19b3aa7fe1148986b883bec70e12b73e8ee26f75ef3677918d70fd15520209,9590,6,5994,0,0,false,false,false,7856c7f56fa150b5154fe9ca55301f005ed31fd89613ce7235d73363176382a4,589,3038,241,3279,36.627254,,,false,false
live_1000,cex1000_290a72fe6c5426716f8afc6b,resp_036be2436f80855f006a65455c42f08193a7d46bdfcd090dd7,huit_openai_responses_direct_sdk,gpt-5.4-nano,success,true,15ced265deb8c93f24e4d9e9c87e3892b3a1d47fdcbc3d2b06f525708f408453,9582,6,5995,0,0,false,false,false,bf29814e6ae79371d7789a4670511dc4fea3d95e0e9449dec0da782d190c72a4,666,2964,299,3263,39.477181,,,false,false
live_1000,cex1000_e572719370a33f7ae0832e0b,resp_0776b34dbfa8e06f006a65455f240081938ccde056382e5202,huit_openai_responses_direct_sdk,gpt-5.4-nano,success,true,2dc4275860976af429a6c628ca2e28b3322633978e3fd1a95b96ea3266407bd9,9581,6,5999,0,0,false,false,false,4e2eee0d361989bc13c81284528a759dc20ae318fd41c59c03625c4c726010c4,1036,2991,415,3406,42.825173,,,false,false
live_1000,cex1000_31bfe743a7c2c5b7f29cd179,resp_0545070a66faaab8006a654562d3c08196add8bcc86f140d91,huit_openai_responses_direct_sdk,gpt-5.4-nano,success,true,5635aa5e7ca4e53b59b2628ac8380b9b9410323ca3508bbb89e4306e575a8ed1,9579,6,5999,0,0,false,false,false,0ae103c57bc5bc93273de4d8a05b958bf0472fa76659813f774355b33c85ff19,2106,3006,748,3754,49.676749,,,false,false
live_1000,cex1000_25a1f4648434e9a541c04449,resp_083fa3136c283588006a654562e92881979effd93007e274d3,huit_openai_responses_direct_sdk,gpt-5.4-nano,success,true,bd87a7ac312f5eadf1a642e424a8743bed34ad38a95677a16b08f3582ab7e6da,9592,6,5997,0,0,false,false,false,a60d769a17e3de2c397dfe35d78422a6c68417543750edf77c0d247ddaa78180,957,2962,446,3408,47.074877,,,false,false
live_1000,cex1000_9b3cf1b42db44f5591b2725b,resp_098cbf9e62c13852006a654566be1081939fb4bd8854b7255b,huit_openai_responses_direct_sdk,gpt-5.4-nano,success,true,a2525215e6b399397e25b77d167ca9db15a94bde59343486e1f89a696007d72c,9310,6,5656,0,0,false,false,false,a272677299e86207c35d0bd135340bd0a56d181aa06e5120202b70fd1cf18ef1,995,2951,655,3606,53.114773,,,false,false
live_1000,cex1000_3b122c2897a97f4b5cf8ccdc,resp_0a2be7d03c4bb097006a65456954308196a8de52128af29d09,huit_openai_responses_direct_sdk,gpt-5.4-nano,success,true,3249e8287c7935af7e4ad04b4a077ed1cae5b91b11e76746015a27754381733a,11247,6,5999,0,0,false,false,false,b610623467aec8c1ae615729869d4d568a99462200eed96481e8bdc152875bfd,1271,4046,429,4475,53.242651,,,false,false
live_1000,cex1000_613062a9c44a73e8b97b5a1e,resp_022c892976aaf2bb006a65456cc2f08195a49d59304cc61cc7,huit_openai_responses_direct_sdk,gpt-5.4-nano,success,true,7659c545c808ecfdd16def93479145997ac70a70c009c327148dec317be54cf8,9602,6,5999,0,0,false,false,false,2aaa27b4fc56c6e0b81499d522edb50e9e6b874603af0a0e5377b8c500bd50d5,2740,2991,1151,4142,60.689286,,,false,false
live_1000,cex1000_a45828cfdb4f6cb82e3e577f,resp_0991b5b250ad6fd9006a65456cded48197803b1bfd4173f7d2,huit_openai_responses_direct_sdk,gpt-5.4-nano,success,true,4eb891d5e6bc49e73ad0d06ffb3199d5f0e19639a85296805f4ce44fd4a42ba9,9625,6,5996,0,0,false,false,false,afdf555c8658b14e5e4d6851a7c22ebbac69b078190cea0b5b7327046b9a3c20,1708,3173,601,3774,58.943028,,,false,false
live_1000,cex1000_766e7fb59acb57ebd5420964,resp_08ab187d20e78748006a65457292ec81908754beb0d707f448,huit_openai_responses_direct_sdk,gpt-5.4-nano,success,true,fea796ca3f65fdd4de2e39585159e91ac348b3a6665c09ef27627212a033af67,9601,6,5997,0,0,false,false,false,4d6150986259906542fe1c1e2bf0d532d60d5014988348d739b0dd92a59255ef,5829,2888,2181,5069,72.773529,,,false,false
live_1000,cex1000_0f0c454740a285c476aa7fb6,resp_079536accc50787e006a654574588c819790511ffbf41ad7be,huit_openai_responses_direct_sdk,gpt-5.4-nano,success,true,d2f4e8b8a6fd146e2395036759d526a7f54f7ec964c4719f348a718bc536c102,9650,6,5995,0,0,false,false,false,c2cb385b33761331d088e3ebd40196f1b9da490fb8c7d25883a85e0ea5b977c1,522,2919,218,3137,63.003294,,,false,false
live_1000,cex1000_a3782c123081699524d18ae8,resp_074b0dc72c59cc96006a654576a3788196890b60d8005a2bc7,huit_openai_responses_direct_sdk,gpt-5.4-nano,success,true,64d4df832ae11bd54efdfedc1fba5eb5270d434eb1b6f61e15040f6f88cad0cb,9630,6,5998,0,0,false,false,false,8adad1869399ab769e8e0883fa5191c14cf5864b8717ebe1c1f614ac17dc86fe,2799,2953,917,3870,71.147447,,,false,false
live_1000,cex1000_2fd738c1a686b7fddc4384fc,resp_08d0119cd0d0310b006a65457ecea4819682ea1455c314ca84,huit_openai_responses_direct_sdk,gpt-5.4-nano,success,true,409dcf843da587d50a54f63172a81e1da9609a6f5763080ae45fc659d9f7c3e7,9647,6,5990,0,0,false,false,false,4b38afba2438b933559a1040877815cac7ff84959960f4708049d745ec77abc6,4916,3302,1794,5096,83.700663,,,false,false
live_1000,cex1000_7ff8988a7cf263e1c455ee89,resp_01e9bbd50d01d7fa006a65458068ac8197a9d67878111b3da9,huit_openai_responses_direct_sdk,gpt-5.4-nano,success,true,24a405e0b4f3c8c0e95305e1dd3fd8b6642411f5b37da53b7b5ea6bba82a633e,9604,6,5995,0,0,false,false,false,f881979757f29e1abbad14c5eb460e660d91bcfa704ba79e0675aa995ee94e0f,1157,2989,440,3429,76.634471,,,false,false
live_1000,cex1000_ea7c9cc35a49cfcb9824ea8c,resp_00108d5e0deb353c006a65458b6ccc8195b329054fcfcf3887,huit_openai_responses_direct_sdk,gpt-5.4-nano,success,true,7f2246144290511df28ffa2432938f39a6e44ee40941e4815bb77120f05ac9fd,9613,6,5998,0,0,false,false,false,71452c6cdc30c49053b18e76e941f1938e0a14714b65dac489a2cce8cc48fc9b,453,3009,261,3270,2.546249,,,false,false
live_1000,cex1000_776e9e547d78f71f8c7ed527,resp_01cce01a1eb4872b006a65458b6c788195a7f700858f2453fb,huit_openai_responses_direct_sdk,gpt-5.4-nano,success,true,357e7a9848524f85c12b36105b458b4f5c7d572375336e931e953b8c08a8caad,9592,6,5998,0,0,false,false,false,0a6f78d30146558684bf186292dd7db2ce03ca7f05a3d43927694a85d49f893d,6517,3096,2019,5115,13.184602,,,false,false
live_1000,cex1000_e087a386666184bbb83e36dd,resp_07de16b2157aed18006a65458dfccc819487daf613829d3e94,huit_openai_responses_direct_sdk,gpt-5.4-nano,success,true,c623810f2d99b280bb880394c50a0c5b3b570ee7d670ad78b3c13b7627ba70fb,9613,6,5999,0,0,false,false,false,cec5723963222006edf854d167e227b16493c726037ca6562b7165db7f53c135,609,2812,249,3061,5.579608,,,false,false
live_1000,cex1000_fcb7e94b2cad100de11201b6,resp_05aed5e7b2d54eee006a654590f31c81938fb96be4586946ce,huit_openai_responses_direct_sdk,gpt-5.4-nano,success,true,48d24613946c54ab843e0a7014c937226b7703daacb7ac11be35b8a655bb76e6,9476,6,5845,0,0,false,false,false,0486945ed1347e748e2aa244e3190b801e2638925a6d18458b99732f776913c3,5278,3090,1747,4837,18.110704,,,false,false
live_1000,cex1000_f1ad073ee60893effd7272e2,resp_0a531a1809310a38006a654598fd188196b4f534b618de54f5,huit_openai_responses_direct_sdk,gpt-5.4-nano,success,true,3aa278fad54b0934994d160cccc2fda61eafae472b89b4ce891d6839af7eb59c,9679,6,5998,0,0,false,false,false,0f833427eb2cc972f20278f2312afd25b9adcc663e85b200710501119190d4db,983,2688,494,3182,17.954260,,,false,false
live_1000,cex1000_e801808ebc10f854bb8b3026,resp_080212b2a95b3461006a65459d59c48196b2663767942b8b08,huit_openai_responses_direct_sdk,gpt-5.4-nano,success,true,e671f57c9dce46bb71127945592ac641ae6f16e61c803b01fa2a3b080de2df7f,9633,6,5991,0,0,false,false,false,5498d9501c574d12c1743b090e2bbe08ed55f1a51c2df15fc0665eb0eaabbf21,586,2660,229,2889,20.168210,,,false,false
live_1000,cex1000_d678870db21ec9fa9b67175d,resp_096aaa41e115dde3006a65459d78e88190b6501ffc7d8bc929,huit_openai_responses_direct_sdk,gpt-5.4-nano,success,true,48c9ff548c5869449b5e9aae8e8665142636715b53b8fd041c357e23f6e8c9e6,9591,6,5996,0,0,false,false,false,193d8679ef5507ca7a51d69cc556b065ff08442c0e6f62475cce10f65bf5b2c3,1946,2975,907,3882,24.448204,,,false,false
live_1000,cex1000_d3683c0e119a0eea7e6a31a1,resp_0d80aa0b143f56f0006a65459f87b88197bcdd545065aba7cc,huit_openai_responses_direct_sdk,gpt-5.4-nano,success,true,ef9e7bf885ca315a84f768289228cc8cf818a89df197163d068db12a7c765549,7725,4,4491,0,0,false,false,false,099ba7c25ebc440d840f66b1aa05b8788fb6baf9f2f8efba64498eecc3437855,7739,2805,2653,5458,37.349097,,,false,false
live_1000,cex1000_e060f7e4de97fec67d55acda,resp_07e92447a85d5419006a6545a3d3f48193895f4a146ebacd58,huit_openai_responses_direct_sdk,gpt-5.4-nano,success,true,1ae84dab5686ad28c383de2a0e28cc9b502c2261c962a0e185cae7899ffba57f,9614,6,5999,0,0,false,false,false,3b4827a4313feb671915ef35d7f71f4c985552221c5b5bc53563c4d68a6bbcb5,1865,3024,685,3709,29.832426,,,false,false
live_1000,cex1000_2e320a5a78bb2a17f7612c6f,resp_0986ed3ffdd49498006a6545a93d2881939697cc9309ee4630,huit_openai_responses_direct_sdk,gpt-5.4-nano,success,true,b46f328549f8665a8c7bc011d44b5ba43057c910cd805eecb4ba906b9c050de1,9618,6,5998,0,0,false,false,false,bfe607bdbd0784949a45b5e2dbcd6d084d69978fa2479490ba27d025886c64ec,1863,2995,942,3937,38.547792,,,false,false
live_1000,cex1000_27cf8b363b9901852143d56b,resp_0be7052ba24cc221006a6545b0b9cc8197b12631a7d095a619,huit_openai_responses_direct_sdk,gpt-5.4-nano,success,true,ceea2679eb0aae0a100805dd534c32f908804a8865ea174a9d3991dd17d450fb,9674,6,5999,0,0,false,false,false,0fd290f22b82cd04b56499a4cee01e4439f1d29a6dd4a708a5afd30c62d2f7aa,2650,3048,946,3994,45.026369,,,false,false
live_1000,cex1000_84678c8f9334546f5be65ec7,resp_050d9d3584fa0d53006a6545b20ed881938d4a8196138b5178,huit_openai_responses_direct_sdk,gpt-5.4-nano,success,true,31d7e9b3eb0934657cbf43efb13807b3654faa58859c48e3e2e59ada05ee32e9,9582,6,5995,0,0,false,false,false,faabd59afff1023e7a1d782a85aa1c1fd69d0f51e26a21d046a922f2a116fb76,1587,2947,853,3800,44.810865,,,false,false
live_1000,cex1000_5e4b4eb449f4a2179ecfeb96,resp_06e96e826959341f006a6545b831b081958138a913d440a578,huit_openai_responses_direct_sdk,gpt-5.4-nano,success,true,39fa1602a4c7a95481f82cfcce3c06d0b4ad278456025325cbc32f2c53c77463,4811,3,1898,0,0,false,false,false,7fd104f65aef4d23adc7d00a5ed6a925b93202c80fe34e65a0b62fa5cadc7fbc,3123,2002,903,2905,51.712862,,,false,false
live_1000,cex1000_35e70fefac7e060f4c16c33e,resp_0f0bb84fceda7f80006a6545b8635c81958948a4914ad295db,huit_openai_responses_direct_sdk,gpt-5.4-nano,success,true,6f80eab10de7ca88e5e790f48bc6bf1455b06a0406b26ca55a7d5f0b92a63d8b,9630,6,5997,0,0,false,false,false,54d54ba0a2bbdd1288ea888dc372846bb461ba9c6c207396e3de5cdd8cb61814,595,3102,228,3330,48.328160,,,false,false
live_1000,cex1000_ae1e41dc15bb051668157150,resp_03c5d50a4329960e006a6545bbb7b08195be77813f14b3991e,huit_openai_responses_direct_sdk,gpt-5.4-nano,success,true,bc90ad2191966e70ff2cbf3cb062138ecd556fe4a05c607f14123d8b9d553c12,9595,6,5994,0,0,false,false,false,0808f8eed2f55685780a2c6cd160d31abfc2b1899604cf2930c00e9d8d65ec60,2264,2996,775,3771,53.759450,,,false,false
live_1000,cex1000_7d3e39571d0213659625b4e9,resp_068409e463625559006a6545c03590819582cdf13764b37553,huit_openai_responses_direct_sdk,gpt-5.4-nano,success,true,41fd1a019622057f8cde600fbe79044174fc328ee8fbd87d20d6a95b1ae804ef,9584,6,5997,0,0,false,false,false,6aab485f34f465bc5b8498f6af8983730606142c4d72bdf02de37922fa20a526,778,2827,296,3123,56.708824,,,false,false
live_1000,cex1000_4019d74b1e7061e0bc26c4ee,resp_066938b5ec90f434006a6545c12f8c819783e37089b5d526a7,huit_openai_responses_direct_sdk,gpt-5.4-nano,success,true,804afd39ad77a0afa74e1afd8e03b564d422007ee77be179a5993fbc4c2fe9f7,8561,6,4948,0,0,false,false,false,66ccfdbcc67f137bc78d21959aa3e7eec707f9b655b74daea0cb3fea9ec6888d,2020,2905,769,3674,59.368631,,,false,false
live_1000,cex1000_044bbcfcde2929f61b3e7392,resp_0afd8e9083ab6026006a6545c41ff08194869385cc22ecfbb6,huit_openai_responses_direct_sdk,gpt-5.4-nano,success,true,ed376bde947ba41f38d772d1664cabb055a1ac2b43370824bc0542ae34f638fb,7875,4,4676,0,0,false,false,false,85385eba1c6c81112180a077c769c0c03ddb6dc1d2a075c70acc68a465186577,4559,2659,1295,3954,65.375106,,,false,false
live_1000,cex1000_4a108721b2a1050c9a51cfaf,resp_0a29318f4ae8392c006a6545c6bd688190a1748bbd36cc7610,huit_openai_responses_direct_sdk,gpt-5.4-nano,success,true,0050c8d6999cdcbf10a87764cb6141ef442779a326410962fce095f22798daf6,9578,6,5996,0,0,false,false,false,46e28e81c98c794f1aa4d7698d086f37ce57845f5f5b83009ad5937ddb758dc1,998,2965,530,3495,63.489009,,,false,false
live_1000,cex1000_286299dfaa6d5eab97d1a980,resp_02a6193c7bf3150a006a6545cad9f48195a757f922fdd01cc6,huit_openai_responses_direct_sdk,gpt-5.4-nano,success,true,7172ba2ec208d95eba7b1acf3623316b84c87ebeb5c2c7e295dc08f29aec4dcb,9591,6,5996,0,0,false,false,false,d2d9eaac047b595380571f6e8bc541e3b208e02f9d13cea3a63b3c226973c479,2603,3078,1592,4670,73.643329,,,false,false
live_1000,cex1000_f44b8d5189845ec18dc3efb0,resp_06c4dd17feacddb3006a6545ccc0288194a9234bd6ea0f65b3,huit_openai_responses_direct_sdk,gpt-5.4-nano,success,true,2dc72896e5f5a9a847606701dfe0148f0d7b2a92a1578cf639c712830e76c065,9696,6,5995,0,0,false,false,false,dc43008b2334f936e2673ee7bdcfe0a5f7d52ab5fec8a6c5ccbb56acff3beb3f,4229,3285,1804,5089,76.467505,,,false,false
live_1000,cex1000_be6845130e8a14f0d9dd5558,resp_083fa59fbe7a501c006a6545d50eb48196b65a754c27e13a87,huit_openai_responses_direct_sdk,gpt-5.4-nano,success,true,e085e3452e4407591fa29d725057a6457fc8386ba8cf08079921068a7e8723e8,9618,6,5993,0,0,false,false,false,97679b86704cf74737d9343f97c4dfe543263e1f3ecec8e06c62e6e0d0443019,2746,3096,1093,4189,80.983935,,,false,false
live_1000,cex1000_8404277815d0766b5a209444,resp_02ce34266631799e006a6545d7de808197b3f383d0eadb48c5,huit_openai_responses_direct_sdk,gpt-5.4-nano,success,true,765cacb0bf9e46644c789e13eaf1e025e4831ce3a13a3cac32b68b743f39a105,9574,6,5983,0,0,false,false,false,e6deadfd8de2b9bdc505fc419dfaf6b432b7985c408e54667d62cfc35ab2fe07,3261,2785,998,3783,82.937851,,,false,false
live_1000,cex1000_129ef5b4bbd4ffbde7b6f474,resp_049493479fd675f2006a6545dc5e9481958b01661dce5af52a,huit_openai_responses_direct_sdk,gpt-5.4-nano,success,true,9a9157154b4d896fe4d9bf22b0b09efcffc79b6079a6612f47954ec37f8bd3c1,9829,6,5998,0,0,false,false,false,7ea16a6a4ff68162d67e94a3eb15a3931a229266f49fb98dd6ade44aa22e919a,3076,3233,1161,4394,88.689031,,,false,false
live_1000,cex1000_5d0ae756b44256541cd907b4,resp_07cf1aac042b0ca0006a6545de50108195b4a01f6ce0ee9724,huit_openai_responses_direct_sdk,gpt-5.4-nano,success,true,3a14285d2e6325b69d9e835e5eda088146caa6c8884a0fb31c5ed20ef15bca71,9674,6,5997,0,0,false,false,false,fb7b93ee23d2af68954269601d79f2cb3cfeddcd3f70297afe10195d2fa256e9,509,3063,262,3325,85.840608,,,false,false
live_1000,cex1000_74a4e076832c73eea8a1ec14,resp_00e9e634cf5840c0006a6545e444dc8195a4fdbdfe5746e1cd,huit_openai_responses_direct_sdk,gpt-5.4-nano,success,true,21f5f4b39c5f3e935cf4342b33b4372006733dd5d8496d8bc19720360d761024,9727,6,5999,0,0,false,false,false,9bd9a8cd46fd725f2ddff88a6e3d3c1cddc91396ccb6075c4918169b03b708ea,2054,3158,725,3883,7.540677,,,false,false
live_1000,cex1000_3347aee05177993f9beec20c,resp_0059e69883ec40e2006a6545e43c3c8195b3de8f4510008467,huit_openai_responses_direct_sdk,gpt-5.4-nano,success,true,ac77e2a1f19e2a5db9d5b131d9281156c9b7d447533cb83e65aa704984d25753,9722,6,5992,0,0,false,false,false,ec3732d4da6a6c9900abfac6e328f5cdcf0143fda29fdfb1d3c674b1ee0d059a,559,2818,210,3028,2.357989,,,false,false
live_1000,cex1000_e4da3fa6e2a27d371e8b295d,resp_03d4c5994966f415006a6545e66f1881958c41e3b962b4e5c0,huit_openai_responses_direct_sdk,gpt-5.4-nano,success,true,6d0d90e403645c0d7cf54e0bbe38437337e2c1781cccaf059f021f535228e897,9705,6,5999,0,0,false,false,false,8b6ecd63b7bee8edf136557a41026cffbff598157c25d4afdc7acad1642c2af7,3374,2855,1031,3886,9.353029,,,false,false
live_1000,cex1000_8386f9103455fd43ee5380bb,resp_0fb311813800872d006a6545eb9f4c81949b674a6d93f747c1,huit_openai_responses_direct_sdk,gpt-5.4-nano,success,true,73c44a38e74f3904408badb092e3370ff67f7699c88e6a3a0f5363e9b1ee026e,9578,6,5999,0,0,false,false,false,e63bbc7d5d2c91af8f5b437293e4ad0a11064668dc5e5a91eb43dc73beeef55c,3752,2882,1511,4393,18.791426,,,false,false
live_1000,cex1000_5517869de5fac655e76656ec,resp_0d11aa9c4db12f63006a6545ed8b54819798881241a3c479b3,huit_openai_responses_direct_sdk,gpt-5.4-nano,success,true,df41c07c5b666ad91a6b0508989ee6d45237c25e637742ceca5f8264162e9a4f,9595,6,5999,0,0,false,false,false,2246e9fdfc741b55a68783e799e59933f81a4903a55756ebb9a4ff77b7e29cd2,6438,3019,1871,4890,24.819181,,,false,false
live_1000,cex1000_eb7dc44c20c18a89fcdb452e,resp_016714e948bccf3c006a6545f6e56c819590a7aa7e4c23ab6a,huit_openai_responses_direct_sdk,gpt-5.4-nano,success,true,9be5649caf87222d2f4c595c2b2f6cd14ea1e5c3c5305df71e806a1d86fd8f17,9659,6,5994,0,0,false,false,false,9097b326f6392f41b9822db7988afcd6c39a92996c9bed9e26ef3a3a5def89dc,4583,2995,1794,4789,31.062804,,,false,false
live_1000,cex1000_dadef9a5f1c43b0348b3b29a,resp_03ce7bbb23795647006a6545fd05d48193bfb4a3d988e99fca,huit_openai_responses_direct_sdk,gpt-5.4-nano,success,true,35963a4f24c0bcebaa3fe6b63b7996b23eb2a5181298862517021265477cdcdd,9639,6,5997,0,0,false,false,false,24535dfa0cc870ef38f1385cd1c61b4e12a924dc6a8a09444c8810e8d81909df,2665,2799,983,3782,31.641783,,,false,false
live_1000,cex1000_b8f505f4e76589b880d8bf7f,resp_0ef1c8bf64682ddc006a65460322bc8193aaea05c1cc06693d,huit_openai_responses_direct_sdk,gpt-5.4-nano,success,true,32ff1da1080c5d89fbbec915d2a61d09b6e53e4a4e2327711b3086887aa3ffe8,9597,6,5999,0,0,false,false,false,c66fc55f3044b9fa8e7174fb6a36f9ed703a4c1850baa522c82051c779c24606,520,2609,187,2796,33.190892,,,false,false
live_1000,cex1000_a44b3c575baa6a255ff1f2e9,resp_04a23f8f2411bec1006a654603ba8481969caf5a3a6a27cecf,huit_openai_responses_direct_sdk,gpt-5.4-nano,success,true,f788d775d15e588265f4177113ca76b42283c7ecb290c52fa11e9b4ee80141af,9582,6,5995,0,0,false,false,false,5f395553dbf891342be4c38905c107a776dd058c9a540f2bbb0209383881356c,2428,2910,992,3902,38.769133,,,false,false
live_1000,cex1000_74e34aac9e5a8a94f1ba2aca,resp_092101560fd1fd27006a6546054a908190a1b0a025580bbf81,huit_openai_responses_direct_sdk,gpt-5.4-nano,success,true,b01717abc3d01f4b0e887fa82b898bd136b407888a3731b42608c10f10958d3b,9590,6,5984,0,0,false,false,false,9f981e9d22ea0c35a8cc1f9b702a722e60dadf03e0b57fe1cf050fa6668acdc1,2845,3126,919,4045,39.746199,,,false,false
live_1000,cex1000_179508e5981d054054110870,resp_013e5c99039663c3006a65460ae2b08196b3de406e0dc0bd19,huit_openai_responses_direct_sdk,gpt-5.4-nano,success,true,17a980197e52f8834478d55ee95e8e122d7b2bcdb5a02f7b6626ebf387bb41e5,9637,6,5994,0,0,false,false,false,afba7a2eaf592b1e98baae962db776829f43046cb630285b2014b68be94e08a2,4725,2908,1684,4592,50.527000,,,false,false
live_1000,cex1000_523bc924b1c8c1d61e42379c,resp_02a66fa369f87766006a65460bd99c8193be7a7814f78b3a1a,huit_openai_responses_direct_sdk,gpt-5.4-nano,success,true,0a864d2bf102d6082a9d061187d7df1692a32caa4f8e693d84f755fc36fab372,9637,6,5992,0,0,false,false,false,3f37c985ccebd82bb4f07175f2951c0ed9b64a7863d684f85cdb92ec485ce08e,2992,2983,961,3944,48.743456,,,false,false
live_1000,cex1000_1356d278b92b2782479be704,resp_0bb2f39a9b0c40f8006a654614dc2c8194a5d3e8b81746ad65,huit_openai_responses_direct_sdk,gpt-5.4-nano,success,true,1e1ad43c4aa93a6efee56989f9b180b53191f6d84dc82faa64d4ef45e7dec9af,6704,6,3135,0,0,false,false,false,7adb3f8f5c219e438fb66f5480cedc30fb948d3e357243323e7f70e977d71dc5,2893,2376,1070,3446,57.833626,,,false,false
live_1000,cex1000_ee95cf113d32393fe758452a,resp_054180752c9823ec006a654616a3b48197b3ab1d47b8a96ed8,huit_openai_responses_direct_sdk,gpt-5.4-nano,success,true,d3111aac07b55ca6286cce9548333c9c9e0eaec9a9d32c19ba33c004a02ab578,9695,6,5995,0,0,false,false,false,22a84147ac586ff74a29024ede48aeb160d2000d2cbe2e1d60ea1cc71a5b602e,560,2829,200,3029,52.899474,,,false,false
live_1000,cex1000_2f89035114310cb7e083d752,resp_071227313838eb8e006a654618fad481948e07d22ab4860dfd,huit_openai_responses_direct_sdk,gpt-5.4-nano,success,true,8744ff14548364f0e6fc6ea667bd42222cc2e50024c2ea6978a28b7aaf356e93,9706,6,5997,0,0,false,false,false,3aa14602f833658169a3fb930874fb2b9299b8d5f4b06de36f3e2990deaf189b,545,3140,200,3340,55.174705,,,false,false
live_1000,cex1000_bd2875d4dac0bb822df527cb,resp_06f4892bc0256c50006a65461b4834819786642f8522a408c1,huit_openai_responses_direct_sdk,gpt-5.4-nano,success,true,358aa0b023dc5eb3e5dcc0047ee5b5410f3bbfb789f97b2a0ad4cdcfd6e1a6c5,9680,6,5994,0,0,false,false,false,6fad7747075cda18485fccbca303ea680099c7b5347baa8bbcc3a3a68121283b,474,2986,197,3183,57.412423,,,false,false
live_1000,cex1000_c0dcf1f4ff324a4751edf093,resp_03ba89b2ea17d782006a65461d82788194a815e120749f6754,huit_openai_responses_direct_sdk,gpt-5.4-nano,success,true,872949430b04ed7bd6670f30a516560405ae5818e8899cb90e09a67e4cdd7a2e,9656,6,5999,0,0,false,false,false,7fd80234e7d222a8526ae4caa263969167cf1e0365017dc8cdd90f45a9b68cb3,934,3119,439,3558,62.319977,,,false,false
live_1000,cex1000_866783ca1c3f1a71b2762c7e,resp_01e59548b4d83ea7006a65461dec8c8193a7ce828bd7176082,huit_openai_responses_direct_sdk,gpt-5.4-nano,success,true,666fb7ee36f2150b4b67c790931e2a97187d2fe9ee30507c43d5a4228a0d1bf2,9623,6,5998,0,0,false,false,false,bf6784f22f16b374166664a31b7797b310b169785000d9990807e9ea57fe6215,2578,3020,900,3920,66.016317,,,false,false
live_1000,cex1000_4d0a4031fcaab2278ad92e92,resp_0f76b035fae06a8c006a6546226a008196aa9178bc10118496,huit_openai_responses_direct_sdk,gpt-5.4-nano,success,true,8291daa210ba567def37b8d4259fe6b796b3c5253557ec480b34af1ab36e1da0,9625,6,5942,0,0,false,false,false,dc9af3ab257db9eb0023a2babc0ad7e8049cc9d6f621b2a1f05cc336c88ec812,4778,3125,1622,4747,74.229082,,,false,false
live_1000,cex1000_57e4e2c1d3f8f6fa7dbebfa5,resp_0cf6dc64266bd904006a6546261abc8190942059a9b3168622,huit_openai_responses_direct_sdk,gpt-5.4-nano,success,true,443720665e00caf39934a91b0a410d525d6cf697f7037dedf5aa7bd68e800fa3,9636,6,5997,0,0,false,false,false,4d1f336b196fa8aa606daaff85123a11debb4b37593a0346a6d376d26bddbf06,588,3093,241,3334,68.307855,,,false,false
live_1000,cex1000_ee504541806190ed0659f764,resp_0a8a561bbba0ef08006a65462867a481968f0ef632dd3d75d8,huit_openai_responses_direct_sdk,gpt-5.4-nano,success,true,4f18f2df819c674578a05babe64d052dce98e30953f448958d2337a7f274257f,9613,6,5998,0,0,false,false,false,5c3c635a87dfcaf00521139a40be4c0d5d76848988e45b706cb7a361d7d76b41,628,3016,507,3523,72.349769,,,false,false
live_1000,cex1000_749b8e3b1adce20d29f10572,resp_0caa87241bda6ef4006a65462c6d408195a40b6845cf2ae784,huit_openai_responses_direct_sdk,gpt-5.4-nano,success,true,e9e3e41193a9b947f9c3b55f7753b6258d6c921380fffa9cdf67347cc8dc5482,9631,6,5996,0,0,false,false,false,07b683103e50f40532348facf95a35e37a826b8678dd94057a60928d6f95b2a2,2796,3139,1084,4223,82.184368,,,false,false
live_1000,cex1000_62722e24c1f9b5a58ccba1d5,resp_05af041cff3dcc37006a65462e53148197baabf6fb2710dee3,huit_openai_responses_direct_sdk,gpt-5.4-nano,success,true,7e18ccca49c7d72eca6be79c7423cca2783b2c2e69b54c4b2711e499ec8893f1,9654,6,5999,0,0,false,false,false,15153926e3fc18a058a86792ccbc78194e14345f919ddcca418e714fbd534de6,3060,3134,931,4065,82.798682,,,false,false
live_1000,cex1000_aa1ed54a6386e5313efd26c5,resp_0d8329b51a724efa006a65463660308195a95bd08cd55256d3,huit_openai_responses_direct_sdk,gpt-5.4-nano,success,true,33f39216c727fdf2c96af9dc5f6674642fb104ac7779e0d3c3652acd1d766cbb,9630,6,5998,0,0,false,false,false,e098b5335bb340e8e418f1fe7ec66a66e0a3fe240f18b2ea9e8175009e341a2c,469,2983,234,3217,84.746528,,,false,false
live_1000,cex1000_95c61797f0073fa570cac86b,resp_0fee6029758a21e9006a654636e4288190971ceb335870d1ec,huit_openai_responses_direct_sdk,gpt-5.4-nano,success,true,e1beeb6cb4bd072a63fe68100ee8a65a938e7855d9b8272cbae694b548606e3d,6496,4,3380,0,0,false,false,false,12aa9f60d611ab445ec497b3e9cd968190bf33f40360e7f19b2d87f25e698bd5,3515,2482,1010,3492,93.530355,,,false,false
live_1000,cex1000_c073fc0e24e4e41112c38c2d,resp_08d44c81f1e85733006a654641b1d48190a0e9ceb2efc14f16,huit_openai_responses_direct_sdk,gpt-5.4-nano,success,true,5de1dd71199ca61c2d7e72299e3ac463fad5a880d6bc49c0804a5737c16fced5,7170,4,4001,0,0,false,false,false,2a2bcf1742d06979137516eb73397b4e9f761f506698a451a7c540c2bfdef591,4591,2808,1587,4395,10.496660,,,false,false
live_1000,cex1000_3309732cbc4085ac66098358,resp_0f94ae2565509f6a006a654641b7fc81908e82770541977769,huit_openai_responses_direct_sdk,gpt-5.4-nano,success,true,e41fc04c1be81d4fcc4dc4a88b029c6c5d81fc74cb5dd8dbda35cc14e0505e96,9623,6,5999,0,0,false,false,false,cd78690d1fafcb556fc754affe10c56e72324144e3c1ac8e93140ef974f0b96d,1133,2971,683,3654,5.677080,,,false,false
live_1000,cex1000_b5603ac9674614ca2133bc2a,resp_02f3386ff61e9e70006a654647583c81969933e99823a06643,huit_openai_responses_direct_sdk,gpt-5.4-nano,success,true,ee0d7021a6c74f5ddaf1dbf86e2cfaf25132e973ce27b777e4118d29cf32c490,9870,6,5998,0,0,false,false,false,911f8eb06291d6fe76107e18de1d54997c0de49477563bbc38479fcb78fae2d8,2818,3181,1101,4282,14.690361,,,false,false
live_1000,cex1000_d5df84925870462767aa0fa0,resp_0943ed33a09434ec006a65464c364c8196b28c096d5ce37f5d,huit_openai_responses_direct_sdk,gpt-5.4-nano,success,true,b3b8e0e80895da8c3c648fbadd78476183e9c4d0f1f48be6bda5c8399e2a9906,9643,6,5995,0,0,false,false,false,5d23bd9bf7a87f32776dcb6f04fb4f5c75511292f9133e568e9f19b547ce8cd9,1258,3143,351,3494,14.243589,,,false,false
live_1000,cex1000_48439a37eed0b7e7aa6ecc10,resp_0a7a9f1d84372481006a65464fe6c48190aad5d4fb32e50e1e,huit_openai_responses_direct_sdk,gpt-5.4-nano,success,true,a8fffd2cb197c084c205186bd2df947b62873253ac0320cd4ec35f8658ba3c56,9681,6,5988,0,0,false,false,false,51bc3443188482aa6371f1e15b5b57f87da1e447ab0afb391072c500e4c8c3a3,1726,2954,658,3612,20.491010,,,false,false
live_1000,cex1000_ba9f69f9fc658c08db1766a8,resp_07fcc01c7124f4c4006a65465055d8819394f75bba39368aa4,huit_openai_responses_direct_sdk,gpt-5.4-nano,success,true,62a240404b60b90f75fd6ba6ec46197251e39b912c390fa4e9dc0dc402472f0e,9615,6,5996,0,0,false,false,false,8529b80dfb54f7b2d4afd63a7cbcec8aa3d021f0c1f117d2fabe3bdd5c365f81,2868,2988,1150,4138,22.568297,,,false,false
live_1000,cex1000_9dc1356b33adb9608724aead,resp_0abc8d90953c9f84006a6546562e788196a15ad4df59a2d936,huit_openai_responses_direct_sdk,gpt-5.4-nano,success,true,14f07f123a1463e045594b5cffe25c27f764da3e5301c8057676a5939f346b16,7834,4,4621,0,0,false,false,false,ccaeefbfa71fece8d46c19591593f3176e3a8e6c79ee96191b6c355a4d10bd59,3623,2670,1124,3794,28.791606,,,false,false
live_1000,cex1000_54bfe9211c547addd21c279b,resp_078123bc3199dad4006a6546583db881978b61f109461f0b5d,huit_openai_responses_direct_sdk,gpt-5.4-nano,success,true,2ed4126f07291a266b15dcd7b3b856b24343ee11b8f805279329de169efc01ab,9625,6,5992,0,0,false,false,false,482d1b4cf15aaa4e8175d8e1703d685496bb3432eb0600e6bdf59c64124b3972,981,2921,470,3391,26.720365,,,false,false
live_1000,cex1000_7b79d29eddfbab9c8d82f7d3,resp_0d46aca376c39995006a65465c5ed08194ae0407cc47e47a63,huit_openai_responses_direct_sdk,gpt-5.4-nano,success,true,cb29970df34081f1dfe4a98d8bccc64539e7e3397a94e693ef2e7b8a2f58cdcb,9628,6,5997,0,0,false,false,false,1ab8e8d3d1fb04bc114c3dec76b6093f12ab6c3e80b08c0ba6c4234c61e1b8c3,1759,2859,991,3850,33.931424,,,false,false
live_1000,cex1000_ad9d344bfc33ec7bfca3c94e,resp_0719d07d67f86474006a65465e74c88190b00b3c1d525c6418,huit_openai_responses_direct_sdk,gpt-5.4-nano,success,true,00ddf6df8a276dc78b4c0d2bfa988db7e6922010a14d0367a616c8b4e7d727e2,9418,5,5998,0,0,false,false,false,d3086f20be5738a31f4dfd1602e5fee7421710256fc150be7d50a7303b65821e,1651,3005,615,3620,34.734027,,,false,false
live_1000,cex1000_9556113a2cb6e3b1457d2ad6,resp_0b264658bb8c16db006a65466397908190aa93ad23b1a67df0,huit_openai_responses_direct_sdk,gpt-5.4-nano,success,true,a5bbd70863335ccff53e6bddd11afd3b3ae9109f58dfe72c78d6555b166a5001,9643,6,5997,0,0,false,false,false,a19b9aa10a25e2b62da4b02744448da5b909ecfa389a59d6d45ffb96e6cf44ef,2688,3131,1080,4211,41.380994,,,false,false
live_1000,cex1000_e2d19f612454bf1fc6b5c471,resp_05cb5b09d8901346006a654664683481909613dd4d5a519787,huit_openai_responses_direct_sdk,gpt-5.4-nano,success,true,49ead8ddcf98b11a2c2049f4a35810ec94721dcabb9a38b6bb7f4930293ab72c,9674,6,5999,0,0,false,false,false,8adec43345dce25dc803cb1b1e889e5f08953c8e82dfe2c01b47828e2913e0bc,4264,3257,1638,4895,46.120148,,,false,false
live_1000,cex1000_5bdd5e5666376909059a118e,resp_09908b8d58084da7006a65466b092c8190813ecbf997644c81,huit_openai_responses_direct_sdk,gpt-5.4-nano,schema_invalid,false,c60e902304a242d2a533e7b30a92cf8b40d97f55222ab8e8df392a5c623fd41a,9603,6,5999,0,0,false,false,false,09968f38e1ed080172c8c94bfb33d7b6e60557060a6c28b0466a6eef89fe9151,1213,3019,493,3512,45.236613,ValueError,mixed_ready requires quantitative and qualitative sub-records,false,false
live_1000,cex1000_7f32c0a532fffc5d5214aea6,resp_0c9989ae08a60cc1006a65466eee808193abef508c14b7f541,huit_openai_responses_direct_sdk,gpt-5.4-nano,success,true,ba48dca6b653b6c77c2c81c993246e15564f7da650d5e21e80dcc29d82d8d2ca,9631,6,5999,0,0,false,false,false,e523949d0dee3bc7c2325140ada6f3ba9aff0c22d302ba4c3079ddfa367fa3bc,4390,3111,1503,4614,55.358397,,,false,false
live_1000,cex1000_5bc2a0daf11d1bfd8ffe125b,resp_0cc5d789c1d25e49006a65466fc5548195901941b0bdf65d0b,huit_openai_responses_direct_sdk,gpt-5.4-nano,schema_invalid,false,62fe59b5908bf2ea325d45ebf2f5ab6ea6f7664dc87a81200aaec4bd9edc1ebe,9580,6,5997,0,0,false,false,false,bd4707a566d36400af2e832111e28bfa5169d8035cd115e8240553b117ac9552,3713,2988,1426,4414,56.195929,ValueError,non-base compensation is in quantitative array,false,false
live_1000,cex1000_65b6bb4a3634ac03e1faca4d,resp_072117bd1118b910006a654679018c8193a63e47e83515ab61,huit_openai_responses_direct_sdk,gpt-5.4-nano,success,true,a11d6b00e829fa7794f807b78610cd875b6704b70a5049dd7320576626358775,9606,6,5996,0,0,false,false,false,533b7f40fc7aed587aa7a4cb7806972f702224a72ca3d1fa34eafba767b173b2,2983,3052,1220,4272,65.784788,,,false,false
live_1000,cex1000_51cab5772d23222e644b8710,resp_055b36d65a7515dc006a654679dd448193a91828b932c751f0,huit_openai_responses_direct_sdk,gpt-5.4-nano,success,true,89692a08922642826be0700f84bb89730b431dc100fcb6ab1577a0fe5ff13dc9,9650,6,5996,0,0,false,false,false,45632442e5c2abc00b741926b9f7fd245dba7c0817eb8d67f6169ff3b49d7488,481,3230,233,3463,58.737589,,,false,false
live_1000,cex1000_9228244ec3449638697eb3c6,resp_08af03b86351c533006a65467c65b88194b125cc6bf6992ce2,huit_openai_responses_direct_sdk,gpt-5.4-nano,success,true,7928205f6d3b74e12eebb9cbbcce6f54ac2ac9e12f0e40d8888f79e3dce762e0,9634,6,5999,0,0,false,false,false,a2f2d39526e035c13784fc53d9a2c428e97a8f13f366e31b507df95b3e4c6e92,2329,2904,853,3757,65.120138,,,false,false
live_1000,cex1000_c55769104329b38abd36da54,resp_029aa2b5a1032b66006a654682cf3c8196ababf0ffbb9b4339,huit_openai_responses_direct_sdk,gpt-5.4-nano,success,true,67992b0956cb2f54579708745845c75004dc6609ecea8a594b3df4c3d06b84fb,9531,6,5862,0,0,false,false,false,7b674f2b5479bd4f304634ce55b41bd1a43cb7c8f1e0b3409c64395619748174,2027,3054,728,3782,72.284914,,,false,false
live_1000,cex1000_c8a71b4536665774513b2c66,resp_03e612269aea63a9006a65468387f48193a2da028b32ec4184,huit_openai_responses_direct_sdk,gpt-5.4-nano,success,true,b7741bd68e4f9e9dca48b52ddfc761a36c3921d659ba6dd3b918c3bda5a41cd9,9655,6,5999,0,0,false,false,false,b207893386edca29dbaf2601e2bca1fba9c97ed6905e8189568e211a8c20b1ad,2708,3154,1087,4241,74.618931,,,false,false
live_1000,cex1000_f2cf25e01b89c0caf5facaf1,resp_089aefbac0daffe1006a654689f200819595009f59f1757cc1,huit_openai_responses_direct_sdk,gpt-5.4-nano,success,true,a575df58cb860fb1742791985f0e48708d3a140e761c1911b4609fd3f4e23afe,9609,6,5998,0,0,false,false,false,15b47c16d2f96e5feb86515d4d9cca90a65129caac1111cb3b03513ffb58410f,2863,2941,938,3879,79.454894,,,false,false
live_1000,cex1000_5097c04c1619e7d518f53fac,resp_059cda546bd9adac006a65468c432081979cd36447b3d0937e,huit_openai_responses_direct_sdk,gpt-5.4-nano,success,true,32f20bf04d28c35531ff48d73c4a3c1593c2d659acfed944b28d642bb73cd95d,9643,6,5990,0,0,false,false,false,b28e526ff18289ce9294df8833415482557fb47f6b716cb6765aa319f24da6f7,2125,3264,761,4025,80.380405,,,false,false
live_1000,cex1000_bd7eedc3eca02e2cbc3dd45e,resp_069f7f1a7ab5b8b3006a65469124ec8195a2e79aad06607316,huit_openai_responses_direct_sdk,gpt-5.4-nano,success,true,dbe90f3b08a392930ec1d70dc292447e9f51da5c598eb4cecf7b207e75a030d2,9633,6,5996,0,0,false,false,false,82400857530ef1777f68425ac5774523ca0d44b96e5ddb81595bdde6994caaea,919,3275,288,3563,82.630650,,,false,false
live_1000,cex1000_50c4a04aae8963e34ea04e75,resp_02a7cc7dac461061006a65469209ac819398c0b680aa3de80c,huit_openai_responses_direct_sdk,gpt-5.4-nano,success,true,3235f2afe4a2e1a643a13703ed2afb66135a9e1e6016ca3203f8cc169b978c13,9603,6,5995,0,0,false,false,false,2eaa706a52b50890d146c9effb5f00cdc4b800468566119091f4687ff26eb5f5,2249,2836,953,3789,89.387340,,,false,false
live_1000,cex1000_a8da6d6d78ae462cc92dc6bb,resp_0a6ff5534d9c472c006a65469449cc81938915a01035941ad3,huit_openai_responses_direct_sdk,gpt-5.4-nano,success,true,a9cee3e543a1085628f5bfb2deb79ee3f5f4c4e77e509100a1c5170ece99e120,9584,6,5999,0,0,false,false,false,5e95613a39a310357630a250929c3d360411ec6095aea49ee5ba5e015194524f,1521,2834,519,3353,88.325836,,,false,false
live_1000,cex1000_7b9d3972a0a3ef7bc1c17327,resp_072dcd8e079d91f3006a6546e52b04819697713cd079fe481f,huit_openai_responses_direct_sdk,gpt-5.4-nano,success,true,f8a6e16d0bdf485288c7e3b605b3a09751c69df3f707d4eb8373db7eef46ab81,9689,6,5998,0,0,false,false,false,90256e198a2dd26dee125400005cb00504dc1b093151bf11818443e6f4262e3e,4415,3016,1382,4398,9.942979,,,false,false
live_1000,cex1000_a6f9af37d31a931b56a8df01,resp_0d3664a594033d27006a6546e5294c8190b94dda93767e2ccc,huit_openai_responses_direct_sdk,gpt-5.4-nano,success,true,9349a7d7300e0db637806d4048496936cf455a84f840fe4318a70ded525bb6c2,9675,6,5999,0,0,false,false,false,0328b69b071c549511e2509688e87067df8ae30fd8f1a4a3ecf22e29c0655b61,4666,3178,1831,5009,11.472318,,,false,false
live_1000,cex1000_b68a399da444327a5fb0ef90,resp_03065ff37f5c55b4006a6546eec6648197b2087e295a33031b,huit_openai_responses_direct_sdk,gpt-5.4-nano,success,true,16f3068a4a19a20082eb34786819e2f3364c9922664e280025380ecf5d9cbf60,9694,6,5996,0,0,false,false,false,46b3596e90e6e17455e951242080c3fbac823c9fee2082fa063095b6c55f137b,6078,2967,1908,4875,21.774554,,,false,false
live_1000,cex1000_b8a4b434ebb21047c621ab15,resp_0bd14b5966a64e2f006a6546f06ef08193a20187dd547851da,huit_openai_responses_direct_sdk,gpt-5.4-nano,schema_invalid,false,a2cfb168944d0bb3bd50c4adc72ce196d8d65bf299a547de21108b9c82dbc62e,9685,6,5992,0,0,false,false,false,666f039fea3b6fec3d5a142f643526b0635015efea4415c3afcf85062f2a4efe,5060,3016,1742,4758,23.224487,ValueError,non-base compensation is in quantitative array,false,false
live_1000,cex1000_b3efde13525d606c6d5c9d52,resp_0712d9d3cc0a83de006a6546fade208194825263039b123663,huit_openai_responses_direct_sdk,gpt-5.4-nano,schema_invalid,false,9f4d8f75fd7bdfdd06736ca23537683bbca02a9e3b8cf667d5691a091b9b0998,9643,6,5995,0,0,false,false,false,4fe9f7af1d6eecb48763a6d74f9948bcba105f4955e70deaa5028703e341b3d7,5573,3177,2351,5528,37.899736,ValueError,non-base compensation is in quantitative array,false,false
live_1000,cex1000_3b65f2ea0448e08db17495bb,resp_0fed7ff039285ad8006a6546fc32208197a89a95d7aaacf4d1,huit_openai_responses_direct_sdk,gpt-5.4-nano,schema_invalid,false,a0452028e7ef31858316d123038ca421314e4208252b5b11feff0839a1c88d71,9626,6,5992,0,0,false,false,false,a2f4e0257aecd9b8ac9bede9e4ecdc252aeb4da863a57d601ccc37141240d6cf,7177,3185,2122,5307,42.169065,ValueError,non-base compensation is in quantitative array,false,false
live_1000,cex1000_e9f58ed6e793b20a6afd7086,resp_00c534eee92e0264006a65470ade848194a80b417bc59f5ee4,huit_openai_responses_direct_sdk,gpt-5.4-nano,success,true,bf2d2db21461f414df70d162ed76bd576a0c9e785abfdd24e5f83e703e8338a7,9659,6,5997,0,0,false,false,false,14ad2a5c7d492ffffaef2d2028416e36c8ae5004318e6567db30cbfd25ab5121,3295,3018,1312,4330,47.722519,,,false,false
live_1000,cex1000_a433284429fdbc3027ca08a8,resp_06e03972e957f32c006a65470f242481979901faab94e11f71,huit_openai_responses_direct_sdk,gpt-5.4-nano,success,true,47dc1e9f9185cd5f4f77247e85ba3b7a4d0bd1a9bb03a41a382cdf263d62e606,9610,6,5999,0,0,false,false,false,20467d8239d6051f3a66148351c1e0a7e7368b0ea47e87869d84191e162c855a,5148,3055,1893,4948,55.655048,,,false,false
live_1000,cex1000_0270cce4bbee05939f32d5db,resp_01e116dc9471723d006a654714b94881939214bc6cca0ee443,huit_openai_responses_direct_sdk,gpt-5.4-nano,success,true,d14a174083fc77b4a17e79df4960fd95ab53e29e26a6e98919bd6049ed84d9bc,9585,6,5999,0,0,false,false,false,caa359b98dfcfa86478264b7efdfac2d51b5cb635a1fe1ae969687773947bd0e,1616,2902,642,3544,54.481990,,,false,false
live_1000,cex1000_f241f225451de812680983dd,resp_0953cf97e0d2fa8e006a65471b7bf08195a51ec0298a0d5f69,huit_openai_responses_direct_sdk,gpt-5.4-nano,success,true,c2e5909e9ad4c955627825f5b675aabd09489cdac7ca488ca7bb9a2793a5a5cd,9591,6,5991,0,0,false,false,false,705a83bdf0d8c9d525e58367600f584c6c452779b1ac211039bdd17c5a35e00d,2254,3017,877,3894,61.320498,,,false,false
live_1000,cex1000_837a6409d75caadf340959e9,resp_0742f16f893e7199006a65471c9f708196a7cce5f24ef048e8,huit_openai_responses_direct_sdk,gpt-5.4-nano,success,true,024c35088439eed74c68df325fb3dee0cf93e3e90e87d8f2adb5a8772a73606a,9766,6,5995,0,0,false,false,false,8aec043620f10487070d40ce03e5af144681e84536435c481ced43c0af921184,1889,2969,915,3884,62.700293,,,false,false
live_1000,cex1000_1b0d154ba330c963e9afa54a,resp_01942763085d2752006a6547225fa481969b7bcdec6c3e9163,huit_openai_responses_direct_sdk,gpt-5.4-nano,schema_invalid,false,0fcea5e63ea6ea0c79de270c1eda4494e2dec1c09a0e1759263b8f5a58fe5a5c,9594,6,5998,0,0,false,false,false,426edd2f5ba9a19199af5e01491c03584746c3b358a7735a7f18ec44faf3d1bc,3376,2977,1697,4674,73.937244,ValueError,non-base compensation is in quantitative array,false,false
live_1000,cex1000_4643100ed834934f8b8f3910,resp_0e2d1d6c4dac463f006a654723b0848190990835c5f709ee02,huit_openai_responses_direct_sdk,gpt-5.4-nano,success,true,a5e759f806e51bef5371d06b63f2cb7f34efefbb3207c47ffcca5eec1a749456,9629,6,5998,0,0,false,false,false,df3d6cb927323cbfbac7179ffa2f1622d00ea31c2d443a5e8e82c2d38a518977,2292,2999,1149,4148,72.043952,,,false,false
live_1000,cex1000_150f3ac41a7919533b202cc2,resp_0ad55faa4980dcf1006a65472d0a388193b161a5f1902bcbb9,huit_openai_responses_direct_sdk,gpt-5.4-nano,schema_invalid,false,545875619887bd5a88126bfea6ba19517797e94af496ec2d38c0015b5ba5e904,9587,6,5999,0,0,false,false,false,f9a8a694b42af173c5b5d5581d6d1e7b2d0cef51a303f1c4fcc0cade351b9574,5186,2862,1685,4547,83.761676,ValueError,non-base compensation is in quantitative array,false,false
live_1000,cex1000_321fe1e506e4533b7c1f4c32,resp_0b38c0cb47a49fb5006a65472eecf8819583f22daf8be6f37a,huit_openai_responses_direct_sdk,gpt-5.4-nano,schema_invalid,false,4ab0692abfe639863a4eff172a86c29dcb4930a4aa010bdb6a2cb5d462d3e43a,9602,6,5998,0,0,false,false,false,021ce35cf03c3a4f486c2838a4ecc7c7c9f8563650b6337b19047a3bbc43c249,4699,3095,1684,4779,86.030955,ValueError,non-base compensation is in quantitative array,false,false
live_1000,cex1000_9a726b7ecf1f23de9d72207c,resp_089ac5f7ed267d0c006a654738bbe081949d40d3b1168eadbb,huit_openai_responses_direct_sdk,gpt-5.4-nano,success,true,b17b727030f171092756031a1579b088718431cb5e8475e273abbad08c5bfb0a,9757,6,5997,0,0,false,false,false,ad6c45cd3d997f699c2bcab7074e9687da69971d4e2240ff541cfb53cea07b50,4567,3338,1955,5293,98.339486,,,false,false
live_1000,cex1000_15107421e42bb8b9a3fdb0c3,resp_0ff956982b2d3d37006a65473b03108193b1604fe196b666df,huit_openai_responses_direct_sdk,gpt-5.4-nano,schema_invalid,false,b34bdbc80cc9a684027c441710104c7f21291bd25ccc7ff3cce52febcb75442f,9608,6,5995,0,0,false,false,false,8d2e0f8cc9b57f35c1c394b01b71e63acfbe50e7c9ad308d648d1f7d5ecc8ecc,5473,3028,2132,5160,101.964429,ValueError,non-base compensation is in quantitative array,false,false
live_1000,cex1000_2074e2fd9dfba2ce67029050,resp_0fbdd328507a570c006a654747522c8195a43b7246e046db49,huit_openai_responses_direct_sdk,gpt-5.4-nano,success,true,7ca02be0027552d9ef9bd63145957edc895c91a9e4678f319cc936bb7131da87,9625,6,5999,0,0,false,false,false,6d6052030996ffe6c86413530de6c57d4ee114c65e9719504956591b3a64645d,7489,3080,2448,5528,120.733721,,,false,false
live_1000,cex1000_5bdd5e5666376909059a118e,resp_08a3818b8b47df43006a65474af6648194bac428728185a335,huit_openai_responses_direct_sdk,gpt-5.4-nano,success,true,c60e902304a242d2a533e7b30a92cf8b40d97f55222ab8e8df392a5c623fd41a,9603,6,5999,0,0,false,false,false,87c0a2d64957f7d86d6582907fe598870e5018c538be49af3b355bf8f6721c61,944,3019,434,3453,105.988020,,,false,false
live_1000,cex1000_5bc2a0daf11d1bfd8ffe125b,resp_0bfb66afcdfeda52006a65474ef3d081939261383c16cff9a4,huit_openai_responses_direct_sdk,gpt-5.4-nano,success,true,62fe59b5908bf2ea325d45ebf2f5ab6ea6f7664dc87a81200aaec4bd9edc1ebe,9580,6,5997,0,0,false,false,false,ab319636c4f93c8d38e8ec5c16e1429bc9ba8d9a253b3b1376c87acf314bfd0b,4962,2988,1690,4678,117.529708,,,false,false
live_1000,cex1000_b8a4b434ebb21047c621ab15,resp_0dd88462a19848a8006a654799a4b48193ba771078178e9b24,huit_openai_responses_direct_sdk,gpt-5.4-nano,schema_invalid,false,a2cfb168944d0bb3bd50c4adc72ce196d8d65bf299a547de21108b9c82dbc62e,9685,6,5992,0,0,false,false,false,edaa65e91d7bab7be57bbbac0c61158c2f50a0be78cd0b95d35e509da60ac5b5,5489,3016,1969,4985,14.156359,ValueError,non-base compensation is in quantitative array,false,false
live_1000,cex1000_b3efde13525d606c6d5c9d52,resp_0d09ba633f0a67be006a654799a5b48194ad2e6f02e914093e,huit_openai_responses_direct_sdk,gpt-5.4-nano,schema_invalid,false,9f4d8f75fd7bdfdd06736ca23537683bbca02a9e3b8cf667d5691a091b9b0998,9643,6,5995,0,0,false,false,false,5229211f0213b15b6a82ee2afa721a138b84d61df0e3660ec4482fc7c5084987,4573,3177,1631,4808,11.873571,ValueError,non-base compensation is in quantitative array,false,false
live_1000,cex1000_3b65f2ea0448e08db17495bb,resp_063b3baca1a21907006a6547a55a3c8196a1a957a576433310,huit_openai_responses_direct_sdk,gpt-5.4-nano,schema_invalid,false,a0452028e7ef31858316d123038ca421314e4208252b5b11feff0839a1c88d71,9626,6,5992,0,0,false,false,false,4ae909207d0ee70190acec99cc702cdb27db7f4a8b50d63ad31248aea48823aa,6513,3185,2184,5369,31.880760,ValueError,non-base compensation is in quantitative array,false,false
live_1000,cex1000_1b0d154ba330c963e9afa54a,resp_015ccb3bc61d2761006a6547a7752081938a5e0d9b21e7a00e,huit_openai_responses_direct_sdk,gpt-5.4-nano,schema_invalid,false,0fcea5e63ea6ea0c79de270c1eda4494e2dec1c09a0e1759263b8f5a58fe5a5c,9594,6,5998,0,0,false,false,false,b17c52194611a2a3ac39a837b2e5e9fc61f1b04c1717c067d09141fddf11ee70,3464,2977,1516,4493,24.839424,ValueError,non-base compensation is in quantitative array,false,false
live_1000,cex1000_150f3ac41a7919533b202cc2,resp_0a40584c5a597159006a6547b2513c8196a6463d6e4d0701e2,huit_openai_responses_direct_sdk,gpt-5.4-nano,schema_invalid,false,545875619887bd5a88126bfea6ba19517797e94af496ec2d38c0015b5ba5e904,9587,6,5999,0,0,false,false,false,ce5955fc764d77f478cccddde36a36ce161cd11838c3a7b488a1e9824e18a4b3,3715,2862,1258,4120,36.092434,ValueError,non-base compensation is in quantitative array,false,false
live_1000,cex1000_321fe1e506e4533b7c1f4c32,resp_0b6c9cd85d7e76bf006a6547bb1b108193ae59234b91eec24f,huit_openai_responses_direct_sdk,gpt-5.4-nano,success,true,4ab0692abfe639863a4eff172a86c29dcb4930a4aa010bdb6a2cb5d462d3e43a,9602,6,5998,0,0,false,false,false,8a773dd9a64f70c102f44440c38d904c6c6cfe76a77d11c0b05c4f8e4f8295fb,4329,3095,1388,4483,43.946034,,,false,false
live_1000,cex1000_15107421e42bb8b9a3fdb0c3,resp_090a8883e2f7b24e006a6547bd8f148194939d9858ec061804,huit_openai_responses_direct_sdk,gpt-5.4-nano,schema_invalid,false,b34bdbc80cc9a684027c441710104c7f21291bd25ccc7ff3cce52febcb75442f,9608,6,5995,0,0,false,false,false,57c87bd909b3b570d3e093b33a478bec43e87fdbfa2024db54e963248d2f6138,5051,3028,2250,5278,52.750150,ValueError,non-base compensation is in quantitative array,false,false
live_1000,cex1000_b8a4b434ebb21047c621ab15,resp_0e85f599fd27c5b8006a65480b13348196bd86e6b56983de22,huit_openai_responses_direct_sdk,gpt-5.4-nano,schema_invalid,false,a2cfb168944d0bb3bd50c4adc72ce196d8d65bf299a547de21108b9c82dbc62e,9685,6,5992,0,0,false,false,false,9b34637dda5924d7067fab2ea8dd9db89c26e0f9ec670ee666a7efd9f5023d10,5855,3016,1986,5002,15.161852,ValueError,non-base compensation is in quantitative array,false,false
live_1000,cex1000_b3efde13525d606c6d5c9d52,resp_068e91fe762842ff006a65480b4df08194927260a8f96353e2,huit_openai_responses_direct_sdk,gpt-5.4-nano,schema_invalid,false,9f4d8f75fd7bdfdd06736ca23537683bbca02a9e3b8cf667d5691a091b9b0998,9643,6,5995,0,0,false,false,false,c5ee37019bf1b6798bed9e6c7127bbe7975fb92f97d7a5d166d7648e46f7c657,5018,3177,1893,5070,15.282077,ValueError,non-base compensation is in quantitative array,false,false
live_1000,cex1000_3b65f2ea0448e08db17495bb,resp_0e300562108b2fec006a654819498c8194b58707fca73a397b,huit_openai_responses_direct_sdk,gpt-5.4-nano,schema_invalid,false,a0452028e7ef31858316d123038ca421314e4208252b5b11feff0839a1c88d71,9626,6,5992,0,0,false,false,false,7e470f547608075995b8dace986af76c3c40b8562716008958f5fa61749961e7,6069,3185,2064,5249,28.443494,ValueError,non-base compensation is in quantitative array,false,false
live_1000,cex1000_1b0d154ba330c963e9afa54a,resp_04c1d6a803ad0840006a654819ee088196983f1797104194c3,huit_openai_responses_direct_sdk,gpt-5.4-nano,schema_invalid,false,0fcea5e63ea6ea0c79de270c1eda4494e2dec1c09a0e1759263b8f5a58fe5a5c,9594,6,5998,0,0,false,false,false,d265501e95fbce99d78b841adfe12975402ac538cd3a69b5c85a6ff14d45ccf1,4940,2977,1669,4646,27.616683,ValueError,non-base compensation is in quantitative array,false,false
live_1000,cex1000_150f3ac41a7919533b202cc2,resp_07372e4de1bc6ed5006a654825f85c8190ad88848d524c7ef0,huit_openai_responses_direct_sdk,gpt-5.4-nano,schema_invalid,false,545875619887bd5a88126bfea6ba19517797e94af496ec2d38c0015b5ba5e904,9587,6,5999,0,0,false,false,false,5fbdd53e6a96de5e8e50c3e2f8ce3466f55644102cc48eccf6caf114d5f05937,4718,2862,1419,4281,37.755300,ValueError,non-base compensation is in quantitative array,false,false
live_1000,cex1000_15107421e42bb8b9a3fdb0c3,resp_01d21ae18f88bb7f006a654826f60c8193b8db65707f7dadc6,huit_openai_responses_direct_sdk,gpt-5.4-nano,schema_invalid,false,b34bdbc80cc9a684027c441710104c7f21291bd25ccc7ff3cce52febcb75442f,9608,6,5995,0,0,false,false,false,954854b413bbbd6e290b6eb1eed9e929cfbe391648d9ef100d7fa91143e07851,4414,3028,1678,4706,39.566587,ValueError,non-base compensation is in quantitative array,false,false
live_1000,cex1000_b8a4b434ebb21047c621ab15,resp_0e32e8cbd8b0ddd8006a65491e8a488196b3af3001cd11d2d0,huit_openai_responses_direct_sdk,gpt-5.4-nano,schema_invalid,false,431bafaf5d0aa3d6243b6fdba8a4ba020446933f3d69abbad37ca3479aa153dd,10374,6,5992,0,0,false,false,false,04e308dc7e66df1d67bcc1cc20422fc1692a715cd3934cc1681c8088a1b553db,5780,3142,1838,4980,14.197653,ValueError,non-base compensation is in quantitative array: stipend,false,false
live_1000,cex1000_b3efde13525d606c6d5c9d52,resp_0cae57ac11989a26006a65491e781881968f2a973fdae7ee08,huit_openai_responses_direct_sdk,gpt-5.4-nano,schema_invalid,false,8362e0df15ff4728172c103fc213e1c061e907236ed8fe844cf6e2d05597d9a8,10332,6,5995,0,0,false,false,false,c134413ef6d158c4bdd7832fa60402c7424bb29eb4c8ea87693a71b31bca1242,6208,3303,2191,5494,16.228607,ValueError,non-base compensation is in quantitative array: longevity,false,false
live_1000,cex1000_3b65f2ea0448e08db17495bb,resp_035c7921a0e1f623006a65492c661c81949d5ff6453adb90b5,huit_openai_responses_direct_sdk,gpt-5.4-nano,schema_invalid,false,5dce0bec4870151e0cead3039e527e04ccc4c956f9bcb0892aa08e2983b26277,10315,6,5992,0,0,false,false,false,7f25252387f92caa0370972e4c188a8d9d96ac2c9e0dfc60e44d233ecdf5b666,5510,3311,1752,5063,24.818268,ValueError,non-base compensation is in quantitative array: longevity,false,false
live_1000,cex1000_1b0d154ba330c963e9afa54a,resp_008c6dd2299a59c3006a65492e9c8881968ba36f15d6bdbcb6,huit_openai_responses_direct_sdk,gpt-5.4-nano,success,true,190527b0d000e452622a25db4da2e4fe276747ead4a07faee595737b75c1b588,10283,6,5998,0,0,false,false,false,6158786b8dae8cb9959ba74eef827de16bd2f88034fa63f87fb3497129f255a8,3580,3103,1372,4475,26.323032,,,false,false
live_1000,cex1000_150f3ac41a7919533b202cc2,resp_0658107526fb1d47006a654937b104819696663c5ddbad9652,huit_openai_responses_direct_sdk,gpt-5.4-nano,schema_invalid,false,a0ce621900dc32f79fcdd822d5deb0ad9ca62fb30db412709c7e84596b46147d,10276,6,5999,0,0,false,false,false,8d156a76a42fb7d0376632c89afa056af3941c0d9359ecb867ef6fadc847505d,4869,2988,1602,4590,38.437694,ValueError,non-base compensation is in quantitative array: longevity,false,false
live_1000,cex1000_15107421e42bb8b9a3fdb0c3,resp_04a9d2c22cc328be006a654938b8cc81969015dc7754506956,huit_openai_responses_direct_sdk,gpt-5.4-nano,schema_invalid,false,b291342204c26ed262fd6d5f4f66069c6078302f955ca26705d71dd2a3cfa3d6,10297,6,5995,0,0,false,false,false,44c213281b4e5bc96546547ac7f397765bf443de453bbc13563fc24ca277e4b4,7095,3154,2565,5719,41.314353,ValueError,non-base compensation is in quantitative array: pension,false,false
live_1000,cex1000_b8a4b434ebb21047c621ab15,resp_0b91e2636925c9e3006a6549adf3bc819390dd39c7faf46944,huit_openai_responses_direct_sdk,gpt-5.4-nano,schema_invalid,false,8fe9ab00262a4effda3b93e78ed2e8db4a8ba5d1fa74586c48667f1b9d0e9ef1,10818,6,5992,0,0,false,false,false,552316741ebde14ab5742c49649ca65b979b49a8303b5bd788051c6e2237baca,5761,3234,2063,5297,13.525459,ValueError,non-base compensation is in quantitative array: stipend,false,false
live_1000,cex1000_b3efde13525d606c6d5c9d52,resp_09e662c89c53182b006a6549adf4b4819388e36beb9e4363ee,huit_openai_responses_direct_sdk,gpt-5.4-nano,success,true,37bd4bc525378dcabe60e1ef0210d6fbb220668360ed989244f16a18fb8a6691,10778,6,5995,0,0,false,false,false,6c769af653a35f93009973b89924aaaa830c437fcccb8e884a4fd3bd56d52735,3972,3395,1496,4891,10.812999,,,false,false
live_1000,cex1000_3b65f2ea0448e08db17495bb,resp_0b585cada5e40828006a6549b8a97c8197bc52793ea01fa95c,huit_openai_responses_direct_sdk,gpt-5.4-nano,success,true,017d1d9e3dc8dabb8501c2cacfe82b30c73927f378c20c71b0aa0c00989dfd1c,10761,6,5992,0,0,false,false,false,8bb353d4229131e16dd71c161e1381efc2f6d35f8a17ce8e5cd4c28f70b7ea33,4445,3403,1538,4941,20.511940,,,false,false
live_1000,cex1000_150f3ac41a7919533b202cc2,resp_05c1ef0375d09c38006a6549bb53748195b953405337f6897e,huit_openai_responses_direct_sdk,gpt-5.4-nano,schema_invalid,false,e4f202207f6fe7e3fdb0716a50b72484e65347819c69bcf1caab2a6bfd730a8d,10722,6,5999,0,0,false,false,false,48ccbef8dbe83d4a0f518e38092932a97220627a97ce07ff6f2a2d24148005bb,4842,3080,1420,4500,23.440664,ValueError,non-base compensation is in quantitative array: longevity,false,false
live_1000,cex1000_15107421e42bb8b9a3fdb0c3,resp_00f93be848fd85c2006a6549c264f88190b12ef776e2b3e595,huit_openai_responses_direct_sdk,gpt-5.4-nano,schema_invalid,false,ee68cfba4f22a9541dd07e65937a062f2e3d69f86f6b83bd222c88a03542eab8,10741,6,5995,0,0,false,false,false,db5586e2d9e7b7af5e9f12fb59512fa56f8c24f5e7c234e09c617e32e24fe5ea,5529,3246,2009,5255,34.852004,ValueError,non-base compensation is in quantitative array: stipend,false,false
live_1000,cex1000_b8a4b434ebb21047c621ab15,resp_0759f1ecbefc8770006a654a1271548194a45f11c67d0f20d4,huit_openai_responses_direct_sdk,gpt-5.4-nano,schema_invalid,false,8fe9ab00262a4effda3b93e78ed2e8db4a8ba5d1fa74586c48667f1b9d0e9ef1,10818,6,5992,0,0,false,false,false,2c0a62a3fd30c9cc54386af537d1a2a853a0bba3847d537480e713e2784216e3,4815,3234,1752,4986,11.956505,ValueError,non-base compensation is in quantitative array: stipend,false,false
live_1000,cex1000_150f3ac41a7919533b202cc2,resp_04803faf1adda0c7006a654a1270d081959eb2f615c9313cd3,huit_openai_responses_direct_sdk,gpt-5.4-nano,schema_invalid,false,e4f202207f6fe7e3fdb0716a50b72484e65347819c69bcf1caab2a6bfd730a8d,10722,6,5999,0,0,false,false,false,8015f915818f686e42d63074d5f77cdb5484d794a0c2c3bcb148b562e00520b5,4529,3080,1467,4547,10.198757,ValueError,non-base compensation is in quantitative array: longevity,false,false
live_1000,cex1000_15107421e42bb8b9a3fdb0c3,resp_05c2f7c0ae8136df006a654a1c692c8190aa86eec078d91d5d,huit_openai_responses_direct_sdk,gpt-5.4-nano,success,true,a62739aa40add1d08a3761cfa39ce2a6633aa3c972d65b92c1b730ea1cf38e45,10741,6,5995,0,0,false,false,false,ab6f8e72a135773ddf3d2bdaf31ec7afaacc35bf1c7dfc1acd01d7d40d03ec47,4845,3246,1786,5032,22.466801,,,false,false
live_1000,cex1000_b8a4b434ebb21047c621ab15,resp_057debf94493c434006a654a66032c8190bfda4350d66ae6dd,huit_openai_responses_direct_sdk,gpt-5.4-nano,success,true,8fe9ab00262a4effda3b93e78ed2e8db4a8ba5d1fa74586c48667f1b9d0e9ef1,10818,6,5992,0,0,false,false,false,c0b8376f31eadfe2f2f36ad03101f7162021ef327776d7486c5b58281fe7a6b0,4451,3234,1491,4725,10.723715,,,false,false
live_1000,cex1000_150f3ac41a7919533b202cc2,resp_0eed9777ae60f091006a654a660cc48194b1af15fe95f6188b,huit_openai_responses_direct_sdk,gpt-5.4-nano,schema_invalid,false,e4f202207f6fe7e3fdb0716a50b72484e65347819c69bcf1caab2a6bfd730a8d,10722,6,5999,0,0,false,false,false,d72370e7dae1d505e8a22908300997210dbf6e04cdc087f77282a14219ad6892,5019,3080,1592,4672,11.120416,ValueError,non-base compensation is in quantitative array: longevity,false,false
live_1000,cex1000_150f3ac41a7919533b202cc2,resp_0681fd9f39618b79006a654aaea450819696301b7931ad2cc6,huit_openai_responses_direct_sdk,gpt-5.4-nano,schema_invalid,false,e4f202207f6fe7e3fdb0716a50b72484e65347819c69bcf1caab2a6bfd730a8d,10722,6,5999,0,0,false,false,false,a7ff1dd2e3dd34b06c779834f063afad65786fd569896566176604c4f8745127,5004,3080,1598,4678,11.473570,ValueError,non-base compensation is in quantitative array: longevity,false,false
live_1000,cex1000_150f3ac41a7919533b202cc2,resp_0a4312c1e268874e006a654b17ddb48194a3b2c8a1ce164d5f,huit_openai_responses_direct_sdk,gpt-5.4-nano,schema_invalid,false,e01dd4c8891de7a2ad5e9d63fdb674653e3b12e4715877fb3830920ca0c5bcae,11033,6,5999,0,0,false,false,false,8217330db18f31a48fd62bbde7354b95740a485e3d04b0fe672571d3edb857ac,3861,3138,1174,4312,8.530972,ValueError,non-base compensation is in quantitative array: longevity,false,false
preflight_1000_longevity_onecase,cex1000_150f3ac41a7919533b202cc2,resp_0c5fc8d539cc8dff006a655093103c819087cebd5e615262bf,huit_openai_responses_direct_sdk,gpt-5.4-nano,success,true,229ca9878bedf9451db5bc9b3ad68ffac8fa0c300c6e4feba9e9ed1dd7cfb578,11068,6,5999,0,0,false,false,false,de88b84cb6fd193f6b1edc814160ea90e0235ffccecb18ec15e553f475fde6e2,1775,3143,875,4018,6.550944,,,false,false
live_1000_longevity_onecase,cex1000_150f3ac41a7919533b202cc2,resp_04913e0fdf5aadab006a6550e24f4081938ca10ebeb5fb511d,huit_openai_responses_direct_sdk,gpt-5.4-nano,success,true,229ca9878bedf9451db5bc9b3ad68ffac8fa0c300c6e4feba9e9ed1dd7cfb578,11068,6,5999,0,0,false,false,false,87f37aae79624ea880ce3e037399e41166bcbb221f75b47eced39c11c849ea46,1691,3143,494,3637,4.225578,,,false,false
