5

BASE YEAR
2024-25

Glassboro Secretaries

Salary Guide
Step
1
2
3
4
5
6
7
8
9
10
11
12

Scattergram
Step
0
1
2
3
4
5
6
7
8
9
10
11
12
Totals
Percent

Guide Cost
Step
0
1
2
3
4
5
6
7
8
9
10
11
12

NJEA Research:GY

A12

B12

A10

B10

40,256
40,856
41,456
42,056
42,956
43,856
46,057
47,992
49,926
51,861
53,795
59,221

36,756
37,356
37,956
38,556
39,456
40,356
42,390
44,156
45,923
47,690
49,456
54,714

33,547
34,047
34,547
35,047
35,797
36,547
38,381
39,993
41,605
43,217
44,829
49,351

30,630
31,130
31,630
32,130
32,880
33,630
35,325
36,797
38,269
39,742
41,213
45,595

A12

B12

A10

B10

1.00
1.00
1.00

1.00
2.00
1.00

4.00
8.00
66.67%

1.00
8.33%

-

1.00
3.00
25.00%

A12

B12

A10

B10

40,256
84,112
42,956
236,883

37,956
-

Total
Average
1%

31,130
31,630
45,595
550,519
45,877
5,505

Secr MOA

Total
1.00
1.00
2.00
2.00
1.00
5.00
12.00

Percent
8.33%
8.33%
16.67%
16.67%
8.33%
41.67%
100.00%

Copy of Glassboro 25-28 MOA to BOE 1-20-26

6

Base Year- Move all "B" to "A" Guide at closest salary- eliminate "B"
2024-25

Glassboro Secretaries

Salary Guide
Step
0
1
2
3
4
5
6
7
8
9
10
11
12

Scattergram
Step
0
1
2
3
4
5
6
7
8
9
10
11
12
Totals
Percent

Guide Cost
Step
0
1
2
3
4
5
6
7
8
9
10
11
12

NJEA Research:GY

A12

B12

A10

B10

40,256
40,856
41,456
42,056
42,956
43,856
46,057
47,992
49,926
51,861
53,795
59,221

36,756
37,356
37,956
38,556
39,456
40,356
42,390
44,156
45,923
47,690
49,456
54,714

33,547
34,047
34,547
35,047
35,797
36,547
38,381
39,993
41,605
43,217
44,829
49,351

30,630
31,130
31,630
32,130
32,880
33,630
35,325
36,797
38,269
39,742
41,213
45,595

A12

B12

A10

B10

2.00
2.00
1.00
4.00
9.00
75.00%

A12
80,513
84,113
42,956
236,883

-

B12

2.00
1.00
3.00
25.00%

A10
-

67,094
49,351
Total
2024-25
Difference
% Increase
Secr MOA

-

-

Total
4.00
2.00
1.00
5.00
12.00

Percent
33.33%
16.67%
8.33%
41.67%
100.00%

B10
560,910
550,519
10,391
1.89%
Copy of Glassboro 25-28 MOA to BOE 1-20-26

7

YEAR 1
2025-26

Glassboro Secretaries

Salary Guide
Step
0
1
2
3
4
5
6
7
8
9
10
11
12

Scattergram
Step
0
1
2
3
4
5
6
7
8
9
10
11
12
Totals
Percent

Guide Cost
Step
0
1
2
3
4
5
6
7
8
9
10
11
12

NJEA Research:GY

A12

B12

A10

B10

41,586
42,186
42,786
43,386
44,286
45,186
47,386
49,321
51,255
53,190
55,124
60,550

38,086
38,686
39,286
39,886
40,786
41,686
43,719
45,485
47,252
49,019
50,785
56,044

34,655
35,155
35,655
36,155
36,905
37,655
39,489
41,101
42,713
44,325
45,937
50,459

31,738
32,238
32,738
33,238
33,988
34,738
36,433
37,905
39,377
40,850
42,321
46,703

A12

B12

A10

B10

2.00
2.00
1.00
4.00
9.00
75.00%

A12
84,372
88,572
45,186
242,202

-

B12

2.00
1.00
3.00
25.00%

A10
-

70,310
50,459
Total
2024-25
Difference
% Increase
Secr MOA

-

Total
4.00
2.00
1.00
5.00
12.00

Percent
33.33%
16.67%
8.33%
41.67%
100.00%

B10
581,100
560,910
20,190
3.60%
Copy of Glassboro 25-28 MOA to BOE 1-20-26

8

YEAR 2
2026-27

Glassboro Secretaries

Salary Guide
Step
0
1
2
3
4
5
6
7
8
9
10
11
12

Scattergram
Step
0
1
2
3
4
5
6
7
8
9
10
11
12
Totals
Percent

Guide Cost
Step
0
1
2
3
4
5
6
7
8
9
10
11
12

NJEA Research:GY

A12

B12

A10

B10

42,917
43,517
44,117
44,717
45,617
46,517
48,717
50,652
52,586
54,521
56,455
61,881

39,417
40,017
40,617
41,217
42,117
43,017
45,050
46,816
48,583
50,350
52,116
57,374

35,764
36,264
36,764
37,264
38,014
38,764
40,598
42,210
43,822
45,434
47,046
51,568

32,847
33,347
33,847
34,347
35,097
35,847
37,542
39,014
40,486
41,959
43,430
47,812

A12

B12

A10

B10

2.00
2.00
1.00
4.00
9.00
75.00%

A12
88,234
93,034
48,717
247,525

-

B12

2.00
1.00
3.00
25.00%

A10
-

73,528
51,568
Total
2025-26
Difference
% Increase
Secr MOA

-

Total
4.00
2.00
1.00
5.00
12.00

Percent
33.33%
16.67%
8.33%
41.67%
100.00%

B10
602,605
581,100
21,505
3.70%
Copy of Glassboro 25-28 MOA to BOE 1-20-26

9

Year 3
2027-28

Glassboro Secretaries

Salary Guide
Step
0
1
2
3
4
5
6
7
8
9
10
11
12

Scattergram
Step
0
1
2
3
4
5
6
7
8
9
10
11
12
Totals
Percent

Guide Cost
Step
0
1
2
3
4
5
6
7
8
9
10
11
12

NJEA Research:GY

A12

B12

A10

B10

44,113
44,713
45,313
45,913
46,813
47,713
49,914
51,849
53,783
55,718
57,652
63,078

40,613
41,213
41,813
42,413
43,313
44,213
46,247
48,013
49,780
51,547
53,313
58,571

36,761
37,261
37,761
38,261
39,011
39,761
41,595
43,207
44,819
46,431
48,043
52,565

33,844
34,344
34,844
35,344
36,094
36,844
38,539
40,011
41,483
42,956
44,427
48,809

A12

B12

A10

B10

2.00
2.00
1.00
4.00
9.00
75.00%

A12
91,826
99,827
51,849
252,310

-

B12

2.00
1.00
3.00
25.00%

A10
-

76,522
52,565
Total
2026-27
Difference
% Increase
Secr MOA

-

Total
4.00
2.00
1.00
5.00
12.00

Percent
33.33%
16.67%
8.33%
41.67%
100.00%

B10
624,899
602,605
22,294
3.70%
Copy of Glassboro 25-28 MOA to BOE 1-20-26
