CITY OF GARDEN GROVE
SALARY AND PAY SCHEDULE
Effective 07/09/2022
JOB CODE
053

CLASSIFICATION TITLE
ACCOUNT SPEC

SCHEDULE RANGE STEP
A
E
112
B
C
D
E
F
G
H
I

MONTHLY
3,566
3,744
3,932
4,128
4,334
4,551
4,778
5,017
5,268

BI-WEEKLY
1,645.78
1,728.03
1,814.55
1,905.34
2,000.42
2,100.25
2,205.31
2,315.60
2,431.59

HOURLY
20.5723
21.6003
22.6818
23.8168
25.0052
26.2532
27.5664
28.9450
30.3949

054

ACCOUNTANT

E

160

A
B
C
D
E
F
G
H
I

5,748
6,036
6,338
6,654
6,986
7,336
7,702
8,088
8,493

2,653.12
2,785.75
2,925.04
3,070.98
3,224.53
3,385.69
3,554.93
3,732.72
3,920.02

33.1640
34.8219
36.5630
38.3873
40.3067
42.3212
44.4366
46.6590
49.0003

039

ACCOUNTING MGR

M

194

A
B
C
D
E
F
G
H
I

7,907
8,303
8,718
9,154
9,611
10,092
10,596
11,126
11,682

3,649.53
3,832.08
4,023.66
4,224.75
4,435.81
4,657.82
4,890.28
5,135.10
5,391.81

45.6191
47.9010
50.2957
52.8093
55.4477
58.2227
61.1285
64.1888
67.3976

015

ACCOUNTING SUPV

M

176

A
B
C
D
E
F
G
H
I

6,610
6,940
7,287
7,651
8,034
8,436
8,857
9,300
9,765

3,050.55
3,203.14
3,363.35
3,531.15
3,708.00
3,893.40
4,087.83
4,292.25
4,507.12

38.1318
40.0393
42.0418
44.1394
46.3500
48.6675
51.0979
53.6531
56.3390

060

ACCOUNTING TECH

E

152

A
B
C
D
E
F
G
H
I

5,309
5,574
5,852
6,146
6,453
6,775
7,114
7,470
7,843

2,450.13
2,572.78
2,701.14
2,836.62
2,978.28
3,127.08
3,283.48
3,447.49
3,620.05

30.6266
32.1598
33.7642
35.4578
37.2285
39.0885
41.0435
43.0937
45.2507

1

Garden Grove
Salary and Pay Schedule

Effective 07/09/22

JOB CODE

CLASSIFICATION TITLE

SCHEDULE RANGE STEP

MONTHLY

BI-WEEKLY

HOURLY

024

ADMIN AIDE

E

135

A
B
C
D
E
F
G
H
I

4,485
4,708
4,944
5,191
5,451
5,723
6,009
6,310
6,626

2,069.82
2,172.99
2,281.85
2,395.94
2,515.74
2,641.23
2,773.39
2,912.21
3,058.15

25.8728
27.1623
28.5231
29.9492
31.4467
33.0154
34.6674
36.4026
38.2269

016

ADMIN ANALYST

M

150

A
B
C
D
E
F
G
H
I

5,104
5,359
5,627
5,908
6,204
6,514
6,839
7,181
7,541

2,355.53
2,473.43
2,597.03
2,726.81
2,863.24
3,006.33
3,156.55
3,314.38
3,480.29

29.4441
30.9178
32.4628
34.0851
35.7905
37.5791
39.4569
41.4298
43.5036

063

ADMIN SECRETARY

M

162

A
B
C
D
E
F
G
H
I

5,749
6,037
6,339
6,655
6,988
7,338
7,704
8,090
8,494

2,653.59
2,786.23
2,925.51
3,071.46
3,225.01
3,386.64
3,555.87
3,733.67
3,920.49

33.1699
34.8279
36.5689
38.3933
40.3127
42.3330
44.4484
46.6708
49.0062

202

ANIMAL CONTROL OFFCR

E

153

A
B
C
D
E
F
G
H
I

5,361
5,630
5,911
6,207
6,517
6,842
7,185
7,544
7,921

2,474.37
2,598.45
2,728.23
2,864.67
3,007.76
3,157.98
3,316.29
3,481.71
3,655.71

30.9297
32.4806
34.1029
35.8084
37.5970
39.4748
41.4536
43.5214
45.6964

073

ASSIST BUYER

E

134

A
B
C
D
E
F
G
H
I

4,438
4,660
4,892
5,138
5,394
5,664
5,947
6,244
6,557

2,048.43
2,150.64
2,258.07
2,371.22
2,489.59
2,614.14
2,744.87
2,881.78
3,026.30

25.6054
26.8830
28.2259
29.6402
31.1199
32.6768
34.3108
36.0223
37.8287

2

Garden Grove
Salary and Pay Schedule

Effective 07/09/22

JOB CODE

CLASSIFICATION TITLE

SCHEDULE RANGE STEP

MONTHLY

BI-WEEKLY

HOURLY

027

ASSIST CITY MGR

C

255

A
B
C
D
E
F
G
H
I

14,579
15,308
16,074
16,877
17,721
18,607
19,537
20,514
21,539

6,728.78
7,065.07
7,418.57
7,789.25
8,179.05
8,587.95
9,016.92
9,467.87
9,941.26

84.1097
88.3133
92.7321
97.3657
102.2381
107.3494
112.7115
118.3483
124.2657

286

ASSIST COMM SVCS SUPV

E

150

A
B
C
D
E
F
G
H
I

5,204
5,463
5,736
6,023
6,324
6,640
6,973
7,321
7,688

2,401.65
2,521.44
2,647.41
2,780.05
2,918.86
3,064.80
3,218.35
3,379.03
3,548.27

30.0206
31.5180
33.0927
34.7507
36.4858
38.3100
40.2294
42.2379
44.3533

214

ASSIST ENGINEER

E

175

A
B
C
D
E
F
G
H
I

6,674
7,007
7,358
7,726
8,112
8,518
8,943
9,391
9,861

3,080.49
3,234.04
3,396.15
3,565.86
3,744.13
3,931.43
4,127.76
4,334.08
4,551.33

38.5061
40.4255
42.4519
44.5733
46.8017
49.1428
51.5970
54.1760
56.8916

271

ASSIST PLANNER

E

150

A
B
C
D
E
F
G
H
I

5,204
5,463
5,736
6,023
6,324
6,640
6,973
7,321
7,688

2,401.65
2,521.44
2,647.41
2,780.05
2,918.86
3,064.80
3,218.35
3,379.03
3,548.27

30.0206
31.5180
33.0927
34.7507
36.4858
38.3100
40.2294
42.2379
44.3533

012

ASSIST TO CITY MGR

M

186

A
B
C
D
E
F
G
H
I

7,301
7,666
8,049
8,452
8,874
9,318
9,784
10,273
10,786

3,369.53
3,538.29
3,715.13
3,901.01
4,095.91
4,300.80
4,515.68
4,741.49
4,978.23

42.1191
44.2286
46.4391
48.7626
51.1989
53.7600
56.4460
59.2686
62.2279

3

Garden Grove
Salary and Pay Schedule

Effective 07/09/22

JOB CODE

CLASSIFICATION TITLE

SCHEDULE RANGE STEP

MONTHLY

BI-WEEKLY

HOURLY

215

ASSOC ENGINEER

E

195

A
B
C
D
E
F
G
H
I

8,143
8,551
8,979
9,427
9,898
10,394
10,913
11,459
12,031

3,758.39
3,946.65
4,143.93
4,350.72
4,568.45
4,797.11
5,036.70
5,288.65
5,552.97

46.9798
49.3331
51.7991
54.3840
57.1056
59.9638
62.9588
66.1082
69.4121

272

ASSOC PLANNER

E

161

A
B
C
D
E
F
G
H
I

5,805
6,096
6,400
6,720
7,055
7,409
7,780
8,168
8,577

2,679.27
2,813.33
2,954.04
3,101.41
3,256.38
3,419.44
3,590.58
3,769.80
3,958.53

33.4909
35.1666
36.9255
38.7677
40.7048
42.7430
44.8823
47.1225
49.4816

130

BENEFITS SUPV

M

171

A
B
C
D
E
F
G
H
I

6,288
6,603
6,933
7,280
7,644
8,026
8,427
8,849
9,291

2,902.23
3,047.69
3,199.81
3,360.02
3,527.83
3,704.19
3,889.59
4,084.03
4,287.97

36.2778
38.0961
39.9977
42.0002
44.0979
46.3024
48.6199
51.0504
53.5997

230

BLDG INSPCTR

E

160

A
B
C
D
E
F
G
H
I

5,748
6,036
6,338
6,654
6,986
7,336
7,702
8,088
8,493

2,653.12
2,785.75
2,925.04
3,070.98
3,224.53
3,385.69
3,554.93
3,732.72
3,920.02

33.1640
34.8219
36.5630
38.3873
40.3067
42.3212
44.4366
46.6590
49.0003

238

BLDG OFFICIAL

M

215

A
B
C
D
E
F
G
H
I

9,743
10,230
10,742
11,279
11,843
12,434
13,056
13,709
14,394

4,496.67
4,721.52
4,957.79
5,205.46
5,465.97
5,738.85
6,025.98
6,327.37
6,643.50

56.2083
59.0190
61.9723
65.0683
68.3246
71.7356
75.3247
79.0922
83.0438

4

Garden Grove
Salary and Pay Schedule

Effective 07/09/22

JOB CODE

CLASSIFICATION TITLE

SCHEDULE RANGE STEP

MONTHLY

BI-WEEKLY

HOURLY

031

BUDGET SVCS MGR

M

194

A
B
C
D
E
F
G
H
I

7,907
8,303
8,718
9,154
9,611
10,092
10,596
11,126
11,682

3,649.53
3,832.08
4,023.66
4,224.75
4,435.81
4,657.82
4,890.28
5,135.10
5,391.81

45.6191
47.9010
50.2957
52.8093
55.4477
58.2227
61.1285
64.1888
67.3976

241

BUSINESS TAX INSPCTR

E

143

A
B
C
D
E
F
G
H
I

4,853
5,096
5,351
5,619
5,900
6,194
6,504
6,830
7,171

2,240.01
2,352.21
2,469.63
2,593.23
2,723.01
2,858.97
3,002.05
3,152.28
3,309.63

28.0001
29.4026
30.8703
32.4153
34.0376
35.7371
37.5257
39.4035
41.3704

029

BUSINESS TAX SUPV

M

166

A
B
C
D
E
F
G
H
I

5,982
6,282
6,595
6,926
7,272
7,635
8,016
8,417
8,838

2,761.03
2,899.37
3,043.89
3,196.49
3,356.22
3,524.03
3,699.92
3,884.85
4,079.28

34.5129
36.2421
38.0486
39.9561
41.9527
44.0503
46.2490
48.5606
50.9910

072

BUYER

E

154

A
B
C
D
E
F
G
H
I

5,415
5,686
5,969
6,268
6,581
6,910
7,255
7,619
8,000

2,499.09
2,624.13
2,754.85
2,892.72
3,037.23
3,189.36
3,348.61
3,516.42
3,692.31

31.2387
32.8016
34.4357
36.1590
37.9654
39.8670
41.8577
43.9553
46.1539

019

CABLE PROD COORD

E

150

A
B
C
D
E
F
G
H
I

5,204
5,463
5,736
6,023
6,324
6,640
6,973
7,321
7,688

2,401.65
2,521.44
2,647.41
2,780.05
2,918.86
3,064.80
3,218.35
3,379.03
3,548.27

30.0206
31.5180
33.0927
34.7507
36.4858
38.3100
40.2294
42.2379
44.3533

5

Garden Grove
Salary and Pay Schedule

Effective 07/09/22

JOB CODE

CLASSIFICATION TITLE

SCHEDULE RANGE STEP

MONTHLY

BI-WEEKLY

HOURLY

038

CABLE PROD SUPV

M

166

A
B
C
D
E
F
G
H
I

5,982
6,282
6,595
6,926
7,272
7,635
8,016
8,417
8,838

2,761.03
2,899.37
3,043.89
3,196.49
3,356.22
3,524.03
3,699.92
3,884.85
4,079.28

34.5129
36.2421
38.0486
39.9561
41.9527
44.0503
46.2490
48.5606
50.9910

240

CHIEF OF COLLECTIONS

M

171

A
B
C
D
E
F
G
H
I

6,288
6,603
6,933
7,280
7,644
8,026
8,427
8,849
9,291

2,902.23
3,047.69
3,199.81
3,360.02
3,527.83
3,704.19
3,889.59
4,084.03
4,287.97

36.2778
38.0961
39.9977
42.0002
44.0979
46.3024
48.6199
51.0504
53.5997

020

CITY CLERK

M

199

A
B
C
D
E
F
G
H
I

8,310
8,726
9,162
9,620
10,101
10,606
11,136
11,694
12,278

3,835.41
4,027.46
4,228.55
4,440.09
4,662.09
4,895.04
5,139.86
5,397.04
5,666.58

47.9426
50.3432
52.8568
55.5011
58.2762
61.1880
64.2482
67.4630
70.8323

200

CITY ENGINEER

M

224

A
B
C
D
E
F
G
H
I

10,656
11,189
11,748
12,336
12,952
13,600
14,280
14,994
15,745

4,918.33
5,164.11
5,422.23
5,693.68
5,977.96
6,276.98
6,590.73
6,920.17
7,266.73

61.4792
64.5513
67.7779
71.1710
74.7245
78.4622
82.3841
86.5022
90.8342

120

CITY MGR

C

900

A
B
C
D
E
F
G
H
I

0
0
0
0
0
0
0
0
24,595

0.00
0.00
0.00
0.00
0.00
0.00
0.00
0.00
11,351.69

0.0000
0.0000
0.0000
0.0000
0.0000
0.0000
0.0000
0.0000
141.8961

6

Garden Grove
Salary and Pay Schedule

Effective 07/09/22

JOB CODE

CLASSIFICATION TITLE

SCHEDULE RANGE STEP

MONTHLY

BI-WEEKLY

HOURLY

058

CLERICAL ASSIST

E

108

A
B
C
D
E
F
G
H
I

3,428
3,599
3,779
3,968
4,166
4,374
4,593
4,822
5,065

1,582.08
1,660.99
1,744.19
1,831.18
1,922.93
2,018.96
2,119.74
2,225.75
2,337.47

19.7760
20.7624
21.8023
22.8898
24.0366
25.2370
26.4968
27.8218
29.2183

235

CODE ENFORCE OFFCR

E

153

A
B
C
D
E
F
G
H
I

5,361
5,630
5,911
6,207
6,517
6,842
7,185
7,544
7,921

2,474.37
2,598.45
2,728.23
2,864.67
3,007.76
3,157.98
3,316.29
3,481.71
3,655.71

30.9297
32.4806
34.1029
35.8084
37.5970
39.4748
41.4536
43.5214
45.6964

243

CODE ENFORCE SUPV

M

179

A
B
C
D
E
F
G
H
I

6,809
7,149
7,507
7,883
8,276
8,690
9,125
9,581
10,060

3,142.77
3,299.64
3,464.61
3,638.12
3,819.72
4,010.82
4,211.43
4,422.03
4,643.08

39.2846
41.2455
43.3076
45.4765
47.7465
50.1353
52.6429
55.2754
58.0385

034

COMM DEV DIR

C

245

A
B
C
D
E
F
G
H
I

13,196
13,857
14,549
15,277
16,040
16,843
17,685
18,569
19,497

6,090.58
6,395.35
6,714.92
7,050.73
7,403.27
7,773.49
8,162.32
8,570.28
8,998.77

76.1322
79.9419
83.9365
88.1342
92.5409
97.1686
102.0291
107.1285
112.4846

085

COMM SHIFT SUPV

E

160

A
B
C
D
E
F
G
H
I

5,748
6,036
6,338
6,654
6,986
7,336
7,702
8,088
8,493

2,653.12
2,785.75
2,925.04
3,070.98
3,224.53
3,385.69
3,554.93
3,732.72
3,920.02

33.1640
34.8219
36.5630
38.3873
40.3067
42.3212
44.4366
46.6590
49.0003

7

Garden Grove
Salary and Pay Schedule

Effective 07/09/22

JOB CODE

CLASSIFICATION TITLE

SCHEDULE RANGE STEP

MONTHLY

BI-WEEKLY

HOURLY

099

COMM SVC OFFCR

E

131

A
B
C
D
E
F
G
H
I

4,310
4,525
4,750
4,988
5,238
5,499
5,774
6,063
6,367

1,989.01
2,088.36
2,192.47
2,302.29
2,417.33
2,538.08
2,665.01
2,798.11
2,938.83

24.8627
26.1045
27.4059
28.7786
30.2166
31.7260
33.3126
34.9764
36.7354

289

COMM SVCS COORD

E

130

A
B
C
D
E
F
G
H
I

4,265
4,479
4,703
4,938
5,185
5,445
5,716
6,002
6,302

1,968.57
2,067.45
2,170.61
2,278.99
2,393.09
2,512.89
2,638.38
2,770.07
2,908.41

24.6071
25.8431
27.1326
28.4874
29.9136
31.4111
32.9798
34.6258
36.3551

035

COMM SVCS DIR

C

240

A
B
C
D
E
F
G
H
I

12,557
13,185
13,844
14,537
15,263
16,026
16,827
17,668
18,551

5,795.36
6,085.32
6,389.61
6,709.18
7,044.52
7,396.59
7,766.33
8,154.68
8,562.16

72.4420
76.0665
79.8701
83.8648
88.0566
92.4574
97.0791
101.9335
107.0270

287

COMM SVCS SUPV

M

176

A
B
C
D
E
F
G
H
I

6,610
6,940
7,287
7,651
8,034
8,436
8,857
9,300
9,765

3,050.55
3,203.14
3,363.35
3,531.15
3,708.00
3,893.40
4,087.83
4,292.25
4,507.12

38.1318
40.0393
42.0418
44.1394
46.3500
48.6675
51.0979
53.6531
56.3390

228

CONSTR INSPCTR

E

161

A
B
C
D
E
F
G
H
I

5,805
6,096
6,400
6,720
7,055
7,409
7,780
8,168
8,577

2,679.27
2,813.33
2,954.04
3,101.41
3,256.38
3,419.44
3,590.58
3,769.80
3,958.53

33.4909
35.1666
36.9255
38.7677
40.7048
42.7430
44.8823
47.1225
49.4816

8

Garden Grove
Salary and Pay Schedule

Effective 07/09/22

JOB CODE

CLASSIFICATION TITLE

SCHEDULE RANGE STEP

MONTHLY

BI-WEEKLY

HOURLY

306

CORPORAL

P

181

A
B
C
D
E
F
G
H
I

7,070
7,424
7,795
8,185
8,594
9,023
9,475
9,948
10,346

3,263.11
3,426.27
3,597.58
3,777.46
3,966.34
4,164.66
4,372.89
4,591.53
4,775.19

40.7889
42.8284
44.9698
47.2183
49.5792
52.0582
54.6611
57.3941
59.6899

330

CORPORAL II

P

183.5

A
B
C
D
E
F
G
H
I

7,247
7,609
7,990
8,389
8,809
9,249
9,712
10,197
10,605

3,344.81
3,512.05
3,687.65
3,872.03
4,065.63
4,268.91
4,482.36
4,706.48
4,894.74

41.8101
43.9006
46.0956
48.4004
50.8204
53.3614
56.0295
58.8310
61.1842

447

CUSTODIAL SUPV

M

160

A
B
C
D
E
F
G
H
I

5,636
5,918
6,214
6,524
6,851
7,194
7,553
7,930
8,328

2,601.30
2,731.56
2,868.00
3,011.09
3,161.79
3,320.09
3,486.00
3,659.99
3,843.48

32.5163
34.1445
35.8500
37.6386
39.5223
41.5011
43.5750
45.7498
48.0435

445

CUSTODIAN

U

108

A
B
C
D
E
F
G
H
I

3,429
3,600
3,780
3,969
4,167
4,375
4,595
4,825
5,066

1,582.56
1,661.47
1,744.66
1,831.65
1,923.41
2,019.43
2,120.69
2,226.70
2,337.94

19.7820
20.7684
21.8083
22.8957
24.0426
25.2429
26.5086
27.8338
29.2243

062

DEPT SECRETARY

E

143

A
B
C
D
E
F
G
H
I

4,853
5,096
5,351
5,619
5,900
6,194
6,504
6,830
7,171

2,240.01
2,352.21
2,469.63
2,593.23
2,723.01
2,858.97
3,002.05
3,152.28
3,309.63

28.0001
29.4026
30.8703
32.4153
34.0376
35.7371
37.5257
39.4035
41.3704

9

Garden Grove
Salary and Pay Schedule

Effective 07/09/22

JOB CODE

CLASSIFICATION TITLE

SCHEDULE RANGE STEP

MONTHLY

BI-WEEKLY

HOURLY

021

DEPUTY CITY CLERK

M

157

A
B
C
D
E
F
G
H
I

5,469
5,742
6,030
6,331
6,648
6,980
7,329
7,695
8,080

2,524.29
2,650.27
2,782.90
2,922.19
3,068.13
3,221.68
3,382.83
3,551.60
3,729.39

31.5536
33.1284
34.7863
36.5274
38.3516
40.2710
42.2854
44.3950
46.6174

037

DEPUTY CITY MGR

C

240

A
B
C
D
E
F
G
H
I

12,557
13,185
13,844
14,537
15,263
16,026
16,827
17,668
18,551

5,795.36
6,085.32
6,389.61
6,709.18
7,044.52
7,396.59
7,766.33
8,154.68
8,562.16

72.4420
76.0665
79.8701
83.8648
88.0566
92.4574
97.0791
101.9335
107.0270

046

DEPUTY DIR

M

215

A
B
C
D
E
F
G
H
I

9,743
10,230
10,742
11,279
11,843
12,434
13,056
13,709
14,394

4,496.67
4,721.52
4,957.79
5,205.46
5,465.97
5,738.85
6,025.98
6,327.37
6,643.50

56.2083
59.0190
61.9723
65.0683
68.3246
71.7356
75.3247
79.0922
83.0438

049

DIVISION MGR

M

204

A
B
C
D
E
F
G
H
I

8,732
9,169
9,627
10,109
10,614
11,146
11,703
12,288
12,902

4,030.31
4,231.87
4,443.42
4,665.90
4,898.84
5,144.13
5,401.32
5,671.34
5,954.67

50.3788
52.8984
55.5428
58.3238
61.2355
64.3017
67.5165
70.8917
74.4334

028

ECON DEV DIR

C

245

A
B
C
D
E
F
G
H
I

13,196
13,857
14,549
15,277
16,040
16,843
17,685
18,569
19,497

6,090.58
6,395.35
6,714.92
7,050.73
7,403.27
7,773.49
8,162.32
8,570.28
8,998.77

76.1322
79.9419
83.9365
88.1342
92.5409
97.1686
102.0291
107.1285
112.4846

10

Garden Grove
Salary and Pay Schedule

Effective 07/09/22

JOB CODE

CLASSIFICATION TITLE

SCHEDULE RANGE STEP

MONTHLY

BI-WEEKLY

HOURLY

269

ECON DEV MGR

M

215

A
B
C
D
E
F
G
H
I

9,743
10,230
10,742
11,279
11,843
12,434
13,056
13,709
14,394

4,496.67
4,721.52
4,957.79
5,205.46
5,465.97
5,738.85
6,025.98
6,327.37
6,643.50

56.2083
59.0190
61.9723
65.0683
68.3246
71.7356
75.3247
79.0922
83.0438

259

ECON DEV SPEC

E

150

A
B
C
D
E
F
G
H
I

5,204
5,463
5,736
6,023
6,324
6,640
6,973
7,321
7,688

2,401.65
2,521.44
2,647.41
2,780.05
2,918.86
3,064.80
3,218.35
3,379.03
3,548.27

30.0206
31.5180
33.0927
34.7507
36.4858
38.3100
40.2294
42.2379
44.3533

273

ELIGIBILITY TECH

E

128

A
B
C
D
E
F
G
H
I

4,181
4,390
4,610
4,840
5,082
5,336
5,603
5,883
6,177

1,929.59
2,026.09
2,127.82
2,233.83
2,345.55
2,462.97
2,586.09
2,715.39
2,850.88

24.1198
25.3262
26.5978
27.9229
29.3194
30.7871
32.3261
33.9424
35.6360

501

EMER OPS COORD

M

186

A
B
C
D
E
F
G
H
I

7,301
7,666
8,049
8,452
8,874
9,318
9,784
10,273
10,786

3,369.53
3,538.29
3,715.13
3,901.01
4,095.91
4,300.80
4,515.68
4,741.49
4,978.23

42.1191
44.2286
46.4391
48.7626
51.1989
53.7600
56.4460
59.2686
62.2279

502

EMER OPS MGR

M

194

A
B
C
D
E
F
G
H
I

7,907
8,303
8,718
9,154
9,611
10,092
10,596
11,126
11,682

3,649.53
3,832.08
4,023.66
4,224.75
4,435.81
4,657.82
4,890.28
5,135.10
5,391.81

45.6191
47.9010
50.2957
52.8093
55.4477
58.2227
61.1285
64.1888
67.3976

11

Garden Grove
Salary and Pay Schedule

Effective 07/09/22

JOB CODE

CLASSIFICATION TITLE

SCHEDULE RANGE STEP

MONTHLY

BI-WEEKLY

HOURLY

042

EMPLOYEE DEV DIR

C

240

A
B
C
D
E
F
G
H
I

12,557
13,185
13,844
14,537
15,263
16,026
16,827
17,668
18,551

5,795.36
6,085.32
6,389.61
6,709.18
7,044.52
7,396.59
7,766.33
8,154.68
8,562.16

72.4420
76.0665
79.8701
83.8648
88.0566
92.4574
97.0791
101.9335
107.0270

274

EMPLOYMENT SPEC

E

125

A
B
C
D
E
F
G
H
I

4,059
4,262
4,474
4,699
4,934
5,180
5,439
5,711
5,998

1,873.49
1,967.14
2,065.07
2,168.70
2,277.09
2,390.71
2,510.51
2,636.01
2,768.16

23.4186
24.5893
25.8133
27.1088
28.4636
29.8839
31.3813
32.9501
34.6020

211

ENGINEERING TECH

E

149

A
B
C
D
E
F
G
H
I

5,152
5,411
5,680
5,965
6,262
6,576
6,905
7,250
7,612

2,377.87
2,497.20
2,621.75
2,752.95
2,890.34
3,034.86
3,186.98
3,346.23
3,513.09

29.7234
31.2150
32.7718
34.4119
36.1292
37.9357
39.8372
41.8279
43.9136

262

ENVIRO SVCS MGR

M

204

A
B
C
D
E
F
G
H
I

8,732
9,169
9,627
10,109
10,614
11,146
11,703
12,288
12,902

4,030.31
4,231.87
4,443.42
4,665.90
4,898.84
5,144.13
5,401.32
5,671.34
5,954.67

50.3788
52.8984
55.5428
58.3238
61.2355
64.3017
67.5165
70.8917
74.4334

236

ENVIRO SVCS SPEC

E

143

A
B
C
D
E
F
G
H
I

4,853
5,096
5,351
5,619
5,900
6,194
6,504
6,830
7,171

2,240.01
2,352.21
2,469.63
2,593.23
2,723.01
2,858.97
3,002.05
3,152.28
3,309.63

28.0001
29.4026
30.8703
32.4153
34.0376
35.7371
37.5257
39.4035
41.3704

12

Garden Grove
Salary and Pay Schedule

Effective 07/09/22

JOB CODE

CLASSIFICATION TITLE

SCHEDULE RANGE STEP

MONTHLY

BI-WEEKLY

HOURLY

422

EQUIP MECH

U

141

A
B
C
D
E
F
G
H
I

4,761
4,999
5,249
5,512
5,787
6,076
6,380
6,699
7,034

2,197.23
2,307.04
2,422.56
2,543.79
2,670.71
2,804.29
2,944.53
3,091.90
3,246.40

27.4654
28.8380
30.2820
31.7973
33.3838
35.0537
36.8066
38.6488
40.5800

421

EQUIP SVC WRKR

U

117

A
B
C
D
E
F
G
H
I

3,750
3,938
4,134
4,341
4,559
4,786
5,026
5,277
5,540

1,730.88
1,817.40
1,908.19
2,003.75
2,104.05
2,209.11
2,319.87
2,435.40
2,557.09

21.6360
22.7175
23.8524
25.0468
26.3006
27.6139
28.9984
30.4425
31.9637

041

FINANCE DIR

C

245

A
B
C
D
E
F
G
H
I

13,196
13,857
14,549
15,277
16,040
16,843
17,685
18,569
19,497

6,090.58
6,395.35
6,714.92
7,050.73
7,403.27
7,773.49
8,162.32
8,570.28
8,998.77

76.1322
79.9419
83.9365
88.1342
92.5409
97.1686
102.0291
107.1285
112.4846

030

FINANCE MGR

M

204

A
B
C
D
E
F
G
H
I

8,732
9,169
9,627
10,109
10,614
11,146
11,703
12,288
12,902

4,030.31
4,231.87
4,443.42
4,665.90
4,898.84
5,144.13
5,401.32
5,671.34
5,954.67

50.3788
52.8984
55.5428
58.3238
61.2355
64.3017
67.5165
70.8917
74.4334

107

GIS COORD

E

174

A
B
C
D
E
F
G
H
I

6,608
6,939
7,286
7,650
8,033
8,434
8,856
9,299
9,763

3,050.07
3,202.67
3,362.87
3,530.68
3,707.52
3,892.45
4,087.35
4,291.77
4,506.17

38.1259
40.0333
42.0358
44.1335
46.3440
48.6557
51.0919
53.6471
56.3271

13

Garden Grove
Salary and Pay Schedule

Effective 07/09/22

JOB CODE

CLASSIFICATION TITLE

SCHEDULE RANGE STEP

MONTHLY

BI-WEEKLY

HOURLY

088

GRAPHICS ASSIST

E

115

A
B
C
D
E
F
G
H
I

3,674
3,858
4,051
4,254
4,466
4,690
4,924
5,171
5,428

1,695.69
1,780.79
1,869.69
1,963.34
2,061.27
2,164.43
2,272.81
2,386.43
2,505.27

21.1962
22.2598
23.3711
24.5417
25.7659
27.0553
28.4102
29.8303
31.3159

089

GRAPHICS DESIGNER

E

135

A
B
C
D
E
F
G
H
I

4,485
4,708
4,944
5,191
5,451
5,723
6,009
6,310
6,626

2,069.82
2,172.99
2,281.85
2,395.94
2,515.74
2,641.23
2,773.39
2,912.21
3,058.15

25.8728
27.1623
28.5231
29.9492
31.4467
33.0154
34.6674
36.4026
38.2269

414

HEAVY EQUIP OPERATOR

U

141

A
B
C
D
E
F
G
H
I

4,761
4,999
5,249
5,512
5,787
6,076
6,380
6,699
7,034

2,197.23
2,307.04
2,422.56
2,543.79
2,670.71
2,804.29
2,944.53
3,091.90
3,246.40

27.4654
28.8380
30.2820
31.7973
33.3838
35.0537
36.8066
38.6488
40.5800

234

HOUSING ASSIST

E

135

A
B
C
D
E
F
G
H
I

4,485
4,708
4,944
5,191
5,451
5,723
6,009
6,310
6,626

2,069.82
2,172.99
2,281.85
2,395.94
2,515.74
2,641.23
2,773.39
2,912.21
3,058.15

25.8728
27.1623
28.5231
29.9492
31.4467
33.0154
34.6674
36.4026
38.2269

232

HOUSING SPEC

E

140

A
B
C
D
E
F
G
H
I

4,711
4,947
5,194
5,454
5,727
6,013
6,313
6,629
6,961

2,174.41
2,283.27
2,397.36
2,517.16
2,643.14
2,775.30
2,913.63
3,059.58
3,212.65

27.1802
28.5409
29.9670
31.4645
33.0392
34.6912
36.4204
38.2447
40.1582

14

Garden Grove
Salary and Pay Schedule

Effective 07/09/22

JOB CODE

CLASSIFICATION TITLE

SCHEDULE RANGE STEP

MONTHLY

BI-WEEKLY

HOURLY

261

HOUSING SUPV

M

171

A
B
C
D
E
F
G
H
I

6,288
6,603
6,933
7,280
7,644
8,026
8,427
8,849
9,291

2,902.23
3,047.69
3,199.81
3,360.02
3,527.83
3,704.19
3,889.59
4,084.03
4,287.97

36.2778
38.0961
39.9977
42.0002
44.0979
46.3024
48.6199
51.0504
53.5997

026

HUMAN RESOURCES DIR

C

240

A
B
C
D
E
F
G
H
I

12,557
13,185
13,844
14,537
15,263
16,026
16,827
17,668
18,551

5,795.36
6,085.32
6,389.61
6,709.18
7,044.52
7,396.59
7,766.33
8,154.68
8,562.16

72.4420
76.0665
79.8701
83.8648
88.0566
92.4574
97.0791
101.9335
107.0270

131

HUMAN RESOURCES MGR

M

199

A
B
C
D
E
F
G
H
I

8,310
8,726
9,162
9,620
10,101
10,606
11,136
11,694
12,278

3,835.41
4,027.46
4,228.55
4,440.09
4,662.09
4,895.04
5,139.86
5,397.04
5,666.58

47.9426
50.3432
52.8568
55.5011
58.2762
61.1880
64.2482
67.4630
70.8323

105

INFO SYSTEMS MGR

M

220

A
B
C
D
E
F
G
H
I

10,241
10,753
11,291
11,855
12,449
13,071
13,724
14,411
15,131

4,726.75
4,963.02
5,211.17
5,471.67
5,745.50
6,032.63
6,334.02
6,651.11
6,983.40

59.0844
62.0377
65.1396
68.3959
71.8187
75.4078
79.1753
83.1388
87.2925

044

INFO TCHNLGY DIR

C

240

A
B
C
D
E
F
G
H
I

12,557
13,185
13,844
14,537
15,263
16,026
16,827
17,668
18,551

5,795.36
6,085.32
6,389.61
6,709.18
7,044.52
7,396.59
7,766.33
8,154.68
8,562.16

72.4420
76.0665
79.8701
83.8648
88.0566
92.4574
97.0791
101.9335
107.0270

15

Garden Grove
Salary and Pay Schedule

Effective 07/09/22

JOB CODE

CLASSIFICATION TITLE

SCHEDULE RANGE STEP

MONTHLY

BI-WEEKLY

HOURLY

108

INFO TCHNLGY PROGMR

E

179

A
B
C
D
E
F
G
H
I

6,944
7,291
7,656
8,039
8,441
8,862
9,306
9,771
10,260

3,205.05
3,365.25
3,533.53
3,710.37
3,895.77
4,090.21
4,295.10
4,509.50
4,735.31

40.0631
42.0656
44.1692
46.3797
48.6972
51.1277
53.6888
56.3687
59.1913

103

INFO TCHNLGY TECH

E

149

A
B
C
D
E
F
G
H
I

5,152
5,411
5,680
5,965
6,262
6,576
6,905
7,250
7,612

2,377.87
2,497.20
2,621.75
2,752.95
2,890.34
3,034.86
3,186.98
3,346.23
3,513.09

29.7234
31.2150
32.7718
34.4119
36.1292
37.9357
39.8372
41.8279
43.9136

081

INSURANCE PROG COORD

E

150

A
B
C
D
E
F
G
H
I

5,204
5,463
5,736
6,023
6,324
6,640
6,973
7,321
7,688

2,401.65
2,521.44
2,647.41
2,780.05
2,918.86
3,064.80
3,218.35
3,379.03
3,548.27

30.0206
31.5180
33.0927
34.7507
36.4858
38.3100
40.2294
42.2379
44.3533

061

JAILER/FLEET SUPV

M

171

A
B
C
D
E
F
G
H
I

6,288
6,603
6,933
7,280
7,644
8,026
8,427
8,849
9,291

2,902.23
3,047.69
3,199.81
3,360.02
3,527.83
3,704.19
3,889.59
4,084.03
4,287.97

36.2778
38.0961
39.9977
42.0002
44.0979
46.3024
48.6199
51.0504
53.5997

416

MAINT REPAIR HELPER

U

122

A
B
C
D
E
F
G
H
I

3,941
4,138
4,345
4,562
4,789
5,029
5,281
5,544
5,823

1,818.82
1,909.62
2,005.17
2,105.48
2,210.54
2,321.31
2,437.29
2,559.00
2,687.35

22.7353
23.8703
25.0646
26.3185
27.6317
29.0163
30.4662
31.9875
33.5919

16

Garden Grove
Salary and Pay Schedule

Effective 07/09/22

JOB CODE

CLASSIFICATION TITLE

SCHEDULE RANGE STEP

MONTHLY

BI-WEEKLY

HOURLY

415

MAINT REPAIR WRKR

U

138

A
B
C
D
E
F
G
H
I

4,621
4,851
5,094
5,349
5,617
5,897
6,191
6,501
6,827

2,132.58
2,239.06
2,351.25
2,468.67
2,592.27
2,721.57
2,857.53
3,000.63
3,150.85

26.6572
27.9883
29.3906
30.8584
32.4034
34.0197
35.7192
37.5079
39.3857

301

MASTER OFFCR

P

179

A
B
C
D
E
F
G
H
I

6,939
7,286
7,650
8,032
8,434
8,856
9,298
9,763
10,154

3,202.45
3,362.57
3,530.70
3,707.23
3,892.59
4,087.22
4,291.58
4,506.17
4,686.41

40.0306
42.0321
44.1337
46.3404
48.6574
51.0903
53.6448
56.3271
58.5801

325

MASTER OFFCR II

P

181.5

A
B
C
D
E
F
G
H
I

7,111
7,467
7,840
8,232
8,644
9,076
9,530
10,007
10,407

3,282.22
3,446.34
3,618.66
3,799.58
3,989.57
4,189.04
4,398.50
4,618.42
4,803.16

41.0278
43.0792
45.2332
47.4948
49.8696
52.3630
54.9812
57.7303
60.0395

109

NETWORK ADMIN

E

179

A
B
C
D
E
F
G
H
I

6,944
7,291
7,656
8,039
8,441
8,862
9,306
9,771
10,260

3,205.05
3,365.25
3,533.53
3,710.37
3,895.77
4,090.21
4,295.10
4,509.50
4,735.31

40.0631
42.0656
44.1692
46.3797
48.6972
51.1277
53.6888
56.3687
59.1913

066

OFFICE ASSIST

E

113

A
B
C
D
E
F
G
H
I

3,601
3,781
3,970
4,168
4,376
4,595
4,825
5,067
5,320

1,661.94
1,745.13
1,832.13
1,923.88
2,019.91
2,120.69
2,226.70
2,338.41
2,455.36

20.7743
21.8142
22.9016
24.0485
25.2489
26.5086
27.8338
29.2302
30.6920

17

Garden Grove
Salary and Pay Schedule

Effective 07/09/22

JOB CODE

CLASSIFICATION TITLE

SCHEDULE RANGE STEP

MONTHLY

BI-WEEKLY

HOURLY

406

PARK MAINT WRKR

U

127

A
B
C
D
E
F
G
H
I

4,143
4,350
4,567
4,795
5,035
5,287
5,551
5,829
6,120

1,911.99
2,007.55
2,107.86
2,212.92
2,323.68
2,440.15
2,561.85
2,690.20
2,824.74

23.8999
25.0944
26.3482
27.6615
29.0460
30.5019
32.0231
33.6275
35.3092

494

PARKING CONTROL SPEC

U

111.8

A
B
C
D
E
F
G
H
I

3,250
3,453
3,654
3,858
4,062
4,062
4,062
4,265
4,478

1,499.84
1,593.49
1,686.66
1,780.79
1,874.91
1,874.91
1,874.91
1,968.57
2,067.00

18.7480
19.9187
21.0833
22.2598
23.4364
23.4364
23.4364
24.6071
25.8375

133

PAYROLL SUPV

M

171

A
B
C
D
E
F
G
H
I

6,288
6,603
6,933
7,280
7,644
8,026
8,427
8,849
9,291

2,902.23
3,047.69
3,199.81
3,360.02
3,527.83
3,704.19
3,889.59
4,084.03
4,287.97

36.2778
38.0961
39.9977
42.0002
44.0979
46.3024
48.6199
51.0504
53.5997

213

PERMIT CENTER SUPV

M

174

A
B
C
D
E
F
G
H
I

6,480
6,803
7,144
7,500
7,876
8,270
8,683
9,118
9,574

2,990.64
3,139.92
3,297.27
3,461.75
3,635.27
3,816.87
4,007.49
4,208.10
4,418.70

37.3830
39.2490
41.2159
43.2718
45.4408
47.7108
50.0936
52.6013
55.2338

210

PERMIT TECH

E

140

A
B
C
D
E
F
G
H
I

4,711
4,947
5,194
5,454
5,727
6,013
6,313
6,629
6,961

2,174.41
2,283.27
2,397.36
2,517.16
2,643.14
2,775.30
2,913.63
3,059.58
3,212.65

27.1802
28.5409
29.9670
31.4645
33.0392
34.6912
36.4204
38.2447
40.1582

18

Garden Grove
Salary and Pay Schedule

Effective 07/09/22

JOB CODE

CLASSIFICATION TITLE

SCHEDULE RANGE STEP

MONTHLY

BI-WEEKLY

HOURLY

127

PERSONNEL ANALYST

M

150

A
B
C
D
E
F
G
H
I

5,104
5,359
5,627
5,908
6,204
6,514
6,839
7,181
7,541

2,355.53
2,473.43
2,597.03
2,726.81
2,863.24
3,006.33
3,156.55
3,314.38
3,480.29

29.4441
30.9178
32.4628
34.0851
35.7905
37.5791
39.4569
41.4298
43.5036

201

PLAN CHECK ENGINEER

E

190

A
B
C
D
E
F
G
H
I

7,748
8,135
8,542
8,969
9,417
9,888
10,382
10,902
11,446

3,575.85
3,754.59
3,942.36
4,139.65
4,346.44
4,563.69
4,791.87
5,031.47
5,282.95

44.6981
46.9324
49.2795
51.7457
54.3305
57.0461
59.8984
62.8933
66.0369

267

PLANNER

E

174

A
B
C
D
E
F
G
H
I

6,608
6,939
7,286
7,650
8,033
8,434
8,856
9,299
9,763

3,050.07
3,202.67
3,362.87
3,530.68
3,707.52
3,892.45
4,087.35
4,291.77
4,506.17

38.1259
40.0333
42.0358
44.1335
46.3440
48.6557
51.0919
53.6471
56.3271

263

PLANNING SVCS MGR

M

215

A
B
C
D
E
F
G
H
I

9,743
10,230
10,742
11,279
11,843
12,434
13,056
13,709
14,394

4,496.67
4,721.52
4,957.79
5,205.46
5,465.97
5,738.85
6,025.98
6,327.37
6,643.50

56.2083
59.0190
61.9723
65.0683
68.3246
71.7356
75.3247
79.0922
83.0438

270

PLANS EXAMINER

E

160

A
B
C
D
E
F
G
H
I

5,748
6,036
6,338
6,654
6,986
7,336
7,702
8,088
8,493

2,653.12
2,785.75
2,925.04
3,070.98
3,224.53
3,385.69
3,554.93
3,732.72
3,920.02

33.1640
34.8219
36.5630
38.3873
40.3067
42.3212
44.4366
46.6590
49.0003

19

Garden Grove
Salary and Pay Schedule

Effective 07/09/22

JOB CODE

CLASSIFICATION TITLE

SCHEDULE RANGE STEP

MONTHLY

BI-WEEKLY

HOURLY

304

POLICE CAPTAIN

Q

232.1

A
B
C
D
E
F
G
H
I

12,546
13,174
13,832
14,523
15,249
16,012
16,813
17,653
18,360

5,790.66
6,080.17
6,383.94
6,702.93
7,038.07
7,390.33
7,759.71
8,147.61
8,473.73

72.3833
76.0022
79.7993
83.7866
87.9759
92.3792
96.9963
101.8452
105.9216

305

POLICE CHIEF

C

258

A
B
C
D
E
F
G
H
I

15,019
15,770
16,559
17,387
18,256
19,169
20,128
21,134
22,189

6,931.79
7,278.60
7,642.60
8,024.75
8,426.02
8,847.34
9,289.68
9,754.00
10,241.24

86.6474
90.9825
95.5325
100.3094
105.3252
110.5917
116.1210
121.9250
128.0155

076

POLICE COMM MGR

M

186

A
B
C
D
E
F
G
H
I

7,301
7,666
8,049
8,452
8,874
9,318
9,784
10,273
10,786

3,369.53
3,538.29
3,715.13
3,901.01
4,095.91
4,300.80
4,515.68
4,741.49
4,978.23

42.1191
44.2286
46.4391
48.7626
51.1989
53.7600
56.4460
59.2686
62.2279

303

POLICE LIEUTENANT

Q

220.1

A
B
C
D
E
F
G
H
I

10,917
11,463
12,036
12,638
13,269
13,933
14,630
15,361
15,975

5,038.60
5,290.56
5,554.87
5,832.97
6,124.38
6,430.53
6,752.37
7,089.89
7,373.22

62.9825
66.1320
69.4359
72.9122
76.5548
80.3816
84.4046
88.6236
92.1652

300

POLICE OFFCR

P

174

A
B
C
D
E
F
G
H
I

6,607
6,938
7,285
7,649
8,031
8,433
8,855
9,297
9,669

3,049.59
3,202.07
3,362.18
3,530.28
3,706.79
3,892.14
4,086.74
4,291.08
4,462.72

38.1199
40.0259
42.0272
44.1285
46.3349
48.6517
51.0843
53.6385
55.7840

20

Garden Grove
Salary and Pay Schedule

Effective 07/09/22

JOB CODE

CLASSIFICATION TITLE

SCHEDULE RANGE STEP

MONTHLY

BI-WEEKLY

HOURLY

320

POLICE OFFCR II

P

176.5

A
B
C
D
E
F
G
H
I

6,773
7,112
7,467
7,841
8,233
8,644
9,077
9,530
9,912

3,126.02
3,282.31
3,446.43
3,618.75
3,799.69
3,989.67
4,189.16
4,398.62
4,574.56

39.0752
41.0289
43.0804
45.2344
47.4961
49.8709
52.3645
54.9827
57.1820

075

POLICE RECORDS MGR

M

186

A
B
C
D
E
F
G
H
I

7,301
7,666
8,049
8,452
8,874
9,318
9,784
10,273
10,786

3,369.53
3,538.29
3,715.13
3,901.01
4,095.91
4,300.80
4,515.68
4,741.49
4,978.23

42.1191
44.2286
46.4391
48.7626
51.1989
53.7600
56.4460
59.2686
62.2279

074

POLICE RECORDS SHIFT SUPV

E

140

A
B
C
D
E
F
G
H
I

4,711
4,947
5,194
5,454
5,727
6,013
6,313
6,629
6,961

2,174.41
2,283.27
2,397.36
2,517.16
2,643.14
2,775.30
2,913.63
3,059.58
3,212.65

27.1802
28.5409
29.9670
31.4645
33.0392
34.6912
36.4204
38.2447
40.1582

057

POLICE RECORDS SPEC

E

125

A
B
C
D
E
F
G
H
I

4,059
4,262
4,474
4,699
4,934
5,180
5,439
5,711
5,998

1,873.49
1,967.14
2,065.07
2,168.70
2,277.09
2,390.71
2,510.51
2,636.01
2,768.16

23.4186
24.5893
25.8133
27.1088
28.4636
29.8839
31.3813
32.9501
34.6020

302

POLICE SERGEANT

P

199.2

A
B
C
D
E
F
G
H
I

8,491
8,916
9,361
9,830
10,321
10,837
11,379
11,948
12,426

3,918.99
4,114.94
4,320.69
4,536.72
4,763.56
5,001.74
5,251.82
5,514.42
5,734.99

48.9874
51.4367
54.0086
56.7090
59.5445
62.5217
65.6478
68.9302
71.6874

21

Garden Grove
Salary and Pay Schedule

Effective 07/09/22

JOB CODE

CLASSIFICATION TITLE

SCHEDULE RANGE STEP

MONTHLY

BI-WEEKLY

HOURLY

056

POLICE SVCS SUPV

M

166

A
B
C
D
E
F
G
H
I

5,982
6,282
6,595
6,926
7,272
7,635
8,016
8,417
8,838

2,761.03
2,899.37
3,043.89
3,196.49
3,356.22
3,524.03
3,699.92
3,884.85
4,079.28

34.5129
36.2421
38.0486
39.9561
41.9527
44.0503
46.2490
48.5606
50.9910

052

PRIN ACCOUNT SPEC

E

132

A
B
C
D
E
F
G
H
I

4,352
4,569
4,797
5,037
5,289
5,554
5,831
6,122
6,429

2,008.50
2,108.81
2,213.87
2,324.63
2,441.10
2,563.27
2,691.15
2,825.69
2,967.35

25.1063
26.3601
27.6733
29.0578
30.5138
32.0409
33.6394
35.3211
37.0918

059

PRIN ACCOUNTANT

M

186

A
B
C
D
E
F
G
H
I

7,301
7,666
8,049
8,452
8,874
9,318
9,784
10,273
10,786

3,369.53
3,538.29
3,715.13
3,901.01
4,095.91
4,300.80
4,515.68
4,741.49
4,978.23

42.1191
44.2286
46.4391
48.7626
51.1989
53.7600
56.4460
59.2686
62.2279

036

PRIN ADMIN ANALYST

M

186

A
B
C
D
E
F
G
H
I

7,301
7,666
8,049
8,452
8,874
9,318
9,784
10,273
10,786

3,369.53
3,538.29
3,715.13
3,901.01
4,095.91
4,300.80
4,515.68
4,741.49
4,978.23

42.1191
44.2286
46.4391
48.7626
51.1989
53.7600
56.4460
59.2686
62.2279

208

PRIN ENGINEERING TECH

E

169

A
B
C
D
E
F
G
H
I

6,286
6,600
6,931
7,277
7,642
8,023
8,424
8,846
9,288

2,901.27
3,046.26
3,198.87
3,358.59
3,526.88
3,702.77
3,888.17
4,082.61
4,286.55

36.2659
38.0783
39.9858
41.9824
44.0860
46.2846
48.6021
51.0326
53.5818

22

Garden Grove
Salary and Pay Schedule

Effective 07/09/22

JOB CODE

CLASSIFICATION TITLE

SCHEDULE RANGE STEP

MONTHLY

BI-WEEKLY

HOURLY

064

PRIN OFFICE ASSIST

E

133

A
B
C
D
E
F
G
H
I

4,397
4,616
4,847
5,089
5,344
5,611
5,892
6,186
6,496

2,029.41
2,130.67
2,237.16
2,348.88
2,466.30
2,589.90
2,719.20
2,855.16
2,998.25

25.3677
26.6334
27.9645
29.3610
30.8287
32.3737
33.9900
35.6895
37.4781

129

PRIN PERSONNEL ANALYST

M

186

A
B
C
D
E
F
G
H
I

7,301
7,666
8,049
8,452
8,874
9,318
9,784
10,273
10,786

3,369.53
3,538.29
3,715.13
3,901.01
4,095.91
4,300.80
4,515.68
4,741.49
4,978.23

42.1191
44.2286
46.4391
48.7626
51.1989
53.7600
56.4460
59.2686
62.2279

023

PROG SPEC

E

150

A
B
C
D
E
F
G
H
I

5,204
5,463
5,736
6,023
6,324
6,640
6,973
7,321
7,688

2,401.65
2,521.44
2,647.41
2,780.05
2,918.86
3,064.80
3,218.35
3,379.03
3,548.27

30.0206
31.5180
33.0927
34.7507
36.4858
38.3100
40.2294
42.2379
44.3533

209

PROJECT ENGINEER

M

204

A
B
C
D
E
F
G
H
I

8,732
9,169
9,627
10,109
10,614
11,146
11,703
12,288
12,902

4,030.31
4,231.87
4,443.42
4,665.90
4,898.84
5,144.13
5,401.32
5,671.34
5,954.67

50.3788
52.8984
55.5428
58.3238
61.2355
64.3017
67.5165
70.8917
74.4334

265

PROJECT PLANNER

M

186

A
B
C
D
E
F
G
H
I

7,301
7,666
8,049
8,452
8,874
9,318
9,784
10,273
10,786

3,369.53
3,538.29
3,715.13
3,901.01
4,095.91
4,300.80
4,515.68
4,741.49
4,978.23

42.1191
44.2286
46.4391
48.7626
51.1989
53.7600
56.4460
59.2686
62.2279

23

Garden Grove
Salary and Pay Schedule

Effective 07/09/22

JOB CODE

CLASSIFICATION TITLE

SCHEDULE RANGE STEP

MONTHLY

BI-WEEKLY

HOURLY

083

PUBLIC SAFETY DISPATCHR

E

150

A
B
C
D
E
F
G
H
I

5,204
5,463
5,736
6,023
6,324
6,640
6,973
7,321
7,688

2,401.65
2,521.44
2,647.41
2,780.05
2,918.86
3,064.80
3,218.35
3,379.03
3,548.27

30.0206
31.5180
33.0927
34.7507
36.4858
38.3100
40.2294
42.2379
44.3533

126

PUBLIC SAFETY FISCAL ANALYST

M

171

A
B
C
D
E
F
G
H
I

6,288
6,603
6,933
7,280
7,644
8,026
8,427
8,849
9,291

2,902.23
3,047.69
3,199.81
3,360.02
3,527.83
3,704.19
3,889.59
4,084.03
4,287.97

36.2778
38.0961
39.9977
42.0002
44.0979
46.3024
48.6199
51.0504
53.5997

033

PUBLIC WORKS DIR

C

245

A
B
C
D
E
F
G
H
I

13,196
13,857
14,549
15,277
16,040
16,843
17,685
18,569
19,497

6,090.58
6,395.35
6,714.92
7,050.73
7,403.27
7,773.49
8,162.32
8,570.28
8,998.77

76.1322
79.9419
83.9365
88.1342
92.5409
97.1686
102.0291
107.1285
112.4846

420

PUBLIC WORKS FOREMAN

M

155

A
B
C
D
E
F
G
H
I

5,362
5,631
5,912
6,208
6,518
6,844
7,186
7,546
7,923

2,474.85
2,598.93
2,728.71
2,865.15
3,008.23
3,158.93
3,316.76
3,482.67
3,656.66

30.9356
32.4866
34.1089
35.8143
37.6029
39.4866
41.4595
43.5334
45.7082

204

PUBLIC WORKS SUPV

M

176

A
B
C
D
E
F
G
H
I

6,610
6,940
7,287
7,651
8,034
8,436
8,857
9,300
9,765

3,050.55
3,203.14
3,363.35
3,531.15
3,708.00
3,893.40
4,087.83
4,292.25
4,507.12

38.1318
40.0393
42.0418
44.1394
46.3500
48.6675
51.0979
53.6531
56.3390

24

Garden Grove
Salary and Pay Schedule

Effective 07/09/22

JOB CODE

CLASSIFICATION TITLE

SCHEDULE RANGE STEP

MONTHLY

BI-WEEKLY

HOURLY

244

PUBLIC WORKS TECH

E

145

A
B
C
D
E
F
G
H
I

4,952
5,199
5,459
5,732
6,019
6,320
6,636
6,968
7,317

2,285.65
2,399.74
2,519.54
2,645.52
2,778.15
2,916.96
3,062.91
3,215.97
3,377.13

28.5707
29.9968
31.4942
33.0690
34.7269
36.4620
38.2863
40.1997
42.2141

402

PUBLIC WORKS TRAINEE

U

089

A
B
C
D
E
F
G
H
I

2,701
2,761
2,846
2,907
3,046
3,198
3,358
3,526
3,702

1,246.46
1,274.51
1,313.49
1,341.54
1,405.71
1,476.07
1,549.87
1,627.28
1,708.72

15.5807
15.9313
16.4186
16.7692
17.5714
18.4509
19.3734
20.3411
21.3590

070

PURCHASING AGENT

M

191

A
B
C
D
E
F
G
H
I

7,674
8,058
8,460
8,883
9,328
9,793
10,284
10,797
11,337

3,541.62
3,718.93
3,904.81
4,099.71
4,305.09
4,519.95
4,746.24
4,983.45
5,232.56

44.2702
46.4867
48.8102
51.2464
53.8136
56.4994
59.3280
62.2932
65.4070

222

REAL PROPERTY AGENT

E

162

A
B
C
D
E
F
G
H
I

5,863
6,156
6,464
6,787
7,127
7,483
7,857
8,249
8,662

2,705.89
2,841.37
2,983.51
3,132.31
3,289.19
3,453.67
3,626.23
3,807.36
3,997.98

33.8237
35.5172
37.2939
39.1539
41.1148
43.1709
45.3279
47.5920
49.9748

221

REAL PROPERTY MGR

M

199

A
B
C
D
E
F
G
H
I

8,310
8,726
9,162
9,620
10,101
10,606
11,136
11,694
12,278

3,835.41
4,027.46
4,228.55
4,440.09
4,662.09
4,895.04
5,139.86
5,397.04
5,666.58

47.9426
50.3432
52.8568
55.5011
58.2762
61.1880
64.2482
67.4630
70.8323

25

Garden Grove
Salary and Pay Schedule

Effective 07/09/22

JOB CODE

CLASSIFICATION TITLE

SCHEDULE RANGE STEP

MONTHLY

BI-WEEKLY

HOURLY

092

REPRO EQUIP OPERATOR

E

109

A
B
C
D
E
F
G
H
I

3,460
3,633
3,815
4,006
4,205
4,416
4,637
4,869
5,112

1,596.81
1,676.68
1,760.82
1,848.77
1,941.00
2,037.97
2,140.18
2,247.15
2,359.33

19.9602
20.9585
22.0103
23.1096
24.2625
25.4747
26.7523
28.0893
29.4917

032

REVENUE MGR

M

194

A
B
C
D
E
F
G
H
I

7,907
8,303
8,718
9,154
9,611
10,092
10,596
11,126
11,682

3,649.53
3,832.08
4,023.66
4,224.75
4,435.81
4,657.82
4,890.28
5,135.10
5,391.81

45.6191
47.9010
50.2957
52.8093
55.4477
58.2227
61.1285
64.1888
67.3976

132

RISK MGMT SUPV

M

171

A
B
C
D
E
F
G
H
I

6,288
6,603
6,933
7,280
7,644
8,026
8,427
8,849
9,291

2,902.23
3,047.69
3,199.81
3,360.02
3,527.83
3,704.19
3,889.59
4,084.03
4,287.97

36.2778
38.0961
39.9977
42.0002
44.0979
46.3024
48.6199
51.0504
53.5997

460

SEWER MAINT WRKR

U

132

A
B
C
D
E
F
G
H
I

4,354
4,571
4,800
5,040
5,291
5,556
5,834
6,125
6,432

2,009.45
2,109.75
2,215.29
2,326.05
2,442.05
2,564.22
2,692.58
2,827.11
2,968.77

25.1181
26.3719
27.6911
29.0757
30.5256
32.0528
33.6572
35.3389
37.1097

463

SEWER PUMP STATION ELEC

U

146

A
B
C
D
E
F
G
H
I

5,004
5,254
5,517
5,793
6,082
6,386
6,705
7,040
7,392

2,309.42
2,424.93
2,546.16
2,673.57
2,807.15
2,947.38
3,094.75
3,249.25
3,411.84

28.8677
30.3117
31.8270
33.4196
35.0893
36.8423
38.6844
40.6157
42.6480

26

Garden Grove
Salary and Pay Schedule

Effective 07/09/22

JOB CODE

CLASSIFICATION TITLE

SCHEDULE RANGE STEP

MONTHLY

BI-WEEKLY

HOURLY

424

SMALL ENGINES MECH

U

127

A
B
C
D
E
F
G
H
I

4,143
4,350
4,567
4,795
5,035
5,287
5,551
5,829
6,120

1,911.99
2,007.55
2,107.86
2,212.92
2,323.68
2,440.15
2,561.85
2,690.20
2,824.74

23.8999
25.0944
26.3482
27.6615
29.0460
30.5019
32.0231
33.6275
35.3092

312

SPECIAL OFFCR

E

157

A
B
C
D
E
F
G
H
I

5,747
6,035
6,336
6,653
6,985
7,335
7,701
8,087
8,491

2,652.65
2,785.28
2,924.09
3,070.51
3,224.06
3,385.21
3,554.45
3,732.24
3,919.07

33.1581
34.8160
36.5511
38.3814
40.3007
42.3152
44.4306
46.6530
48.9883

051

SR ACCOUNT SPEC

E

122

A
B
C
D
E
F
G
H
I

3,939
4,135
4,342
4,559
4,787
5,026
5,278
5,541
5,820

1,817.87
1,908.67
2,004.22
2,104.05
2,209.59
2,319.87
2,435.87
2,557.57
2,685.93

22.7233
23.8584
25.0528
26.3006
27.6199
28.9984
30.4483
31.9697
33.5741

055

SR ACCOUNTANT

E

171

A
B
C
D
E
F
G
H
I

6,414
6,735
7,072
7,425
7,796
8,186
8,595
9,025
9,476

2,960.22
3,108.54
3,263.99
3,427.05
3,598.19
3,778.35
3,967.08
4,165.32
4,373.54

37.0028
38.8568
40.7998
42.8381
44.9773
47.2294
49.5885
52.0665
54.6692

014

SR ADMIN AIDE

E

150

A
B
C
D
E
F
G
H
I

5,204
5,463
5,736
6,023
6,324
6,640
6,973
7,321
7,688

2,401.65
2,521.44
2,647.41
2,780.05
2,918.86
3,064.80
3,218.35
3,379.03
3,548.27

30.0206
31.5180
33.0927
34.7507
36.4858
38.3100
40.2294
42.2379
44.3533

27

Garden Grove
Salary and Pay Schedule

Effective 07/09/22

JOB CODE

CLASSIFICATION TITLE

SCHEDULE RANGE STEP

MONTHLY

BI-WEEKLY

HOURLY

017

SR ADMIN ANALYST

M

166

A
B
C
D
E
F
G
H
I

5,982
6,282
6,595
6,926
7,272
7,635
8,016
8,417
8,838

2,761.03
2,899.37
3,043.89
3,196.49
3,356.22
3,524.03
3,699.92
3,884.85
4,079.28

34.5129
36.2421
38.0486
39.9561
41.9527
44.0503
46.2490
48.5606
50.9910

203

SR ANIMAL CONTROL OFFCR

E

164

A
B
C
D
E
F
G
H
I

5,981
6,280
6,594
6,924
7,270
7,633
8,015
8,416
8,837

2,760.56
2,898.42
3,043.41
3,195.54
3,355.26
3,523.08
3,699.45
3,884.37
4,078.80

34.5070
36.2303
38.0426
39.9442
41.9408
44.0385
46.2431
48.5546
50.9850

231

SR BLDG INSPCTR

E

170

A
B
C
D
E
F
G
H
I

6,350
6,667
7,001
7,351
7,718
8,104
8,509
8,934
9,382

2,930.75
3,077.16
3,231.19
3,392.82
3,562.05
3,740.33
3,927.15
4,123.49
4,330.28

36.6343
38.4645
40.3899
42.4103
44.5257
46.7541
49.0894
51.5436
54.1285

216

SR CIVIL ENGINEER

M

211

A
B
C
D
E
F
G
H
I

9,363
9,831
10,323
10,839
11,380
11,950
12,547
13,175
13,833

4,321.25
4,537.55
4,764.30
5,002.47
5,252.52
5,515.41
5,791.14
6,080.64
6,384.42

54.0156
56.7193
59.5538
62.5309
65.6565
68.9426
72.3892
76.0080
79.8052

242

SR CODE ENFORCE OFFCR

E

160

A
B
C
D
E
F
G
H
I

5,748
6,036
6,338
6,654
6,986
7,336
7,702
8,088
8,493

2,653.12
2,785.75
2,925.04
3,070.98
3,224.53
3,385.69
3,554.93
3,732.72
3,920.02

33.1640
34.8219
36.5630
38.3873
40.3067
42.3212
44.4366
46.6590
49.0003

28

Garden Grove
Salary and Pay Schedule

Effective 07/09/22

JOB CODE

CLASSIFICATION TITLE

SCHEDULE RANGE STEP

MONTHLY

BI-WEEKLY

HOURLY

098

SR COMM SVC OFFCR

E

136

A
B
C
D
E
F
G
H
I

4,527
4,752
4,990
5,240
5,502
5,777
6,066
6,370
6,688

2,089.32
2,193.42
2,303.24
2,418.28
2,539.50
2,666.43
2,799.54
2,939.78
3,086.67

26.1165
27.4178
28.7905
30.2285
31.7438
33.3304
34.9943
36.7472
38.5834

091

SR ECON DEV SPEC

E

162

A
B
C
D
E
F
G
H
I

5,863
6,156
6,464
6,787
7,127
7,483
7,857
8,249
8,662

2,705.89
2,841.37
2,983.51
3,132.31
3,289.19
3,453.67
3,626.23
3,807.36
3,997.98

33.8237
35.5172
37.2939
39.1539
41.1148
43.1709
45.3279
47.5920
49.9748

226

SR EMPLOYMENT SPEC

E

135

A
B
C
D
E
F
G
H
I

4,485
4,708
4,944
5,191
5,451
5,723
6,009
6,310
6,626

2,069.82
2,172.99
2,281.85
2,395.94
2,515.74
2,641.23
2,773.39
2,912.21
3,058.15

25.8728
27.1623
28.5231
29.9492
31.4467
33.0154
34.6674
36.4026
38.2269

212

SR ENGINEERING TECH

E

159

A
B
C
D
E
F
G
H
I

5,690
5,974
6,273
6,587
6,916
7,262
7,625
8,006
8,406

2,626.02
2,757.23
2,895.09
3,040.08
3,192.21
3,351.46
3,519.27
3,695.16
3,879.61

32.8253
34.4653
36.1886
38.0010
39.9026
41.8933
43.9909
46.1895
48.4952

246

SR ENVIRO SVCS SPEC

E

153

A
B
C
D
E
F
G
H
I

5,361
5,630
5,911
6,207
6,517
6,842
7,185
7,544
7,921

2,474.37
2,598.45
2,728.23
2,864.67
3,007.76
3,157.98
3,316.29
3,481.71
3,655.71

30.9297
32.4806
34.1029
35.8084
37.5970
39.4748
41.4536
43.5214
45.6964

29

Garden Grove
Salary and Pay Schedule

Effective 07/09/22

JOB CODE

CLASSIFICATION TITLE

SCHEDULE RANGE STEP

MONTHLY

BI-WEEKLY

HOURLY

294

SR HOUSING SPEC

E

150

A
B
C
D
E
F
G
H
I

5,204
5,463
5,736
6,023
6,324
6,640
6,973
7,321
7,688

2,401.65
2,521.44
2,647.41
2,780.05
2,918.86
3,064.80
3,218.35
3,379.03
3,548.27

30.0206
31.5180
33.0927
34.7507
36.4858
38.3100
40.2294
42.2379
44.3533

104

SR INFO TCHNLGY ANALYST

M

194

A
B
C
D
E
F
G
H
I

7,907
8,303
8,718
9,154
9,611
10,092
10,596
11,126
11,682

3,649.53
3,832.08
4,023.66
4,224.75
4,435.81
4,657.82
4,890.28
5,135.10
5,391.81

45.6191
47.9010
50.2957
52.8093
55.4477
58.2227
61.1285
64.1888
67.3976

106

SR INFO TCHNLGY TECH

E

159

A
B
C
D
E
F
G
H
I

5,690
5,974
6,273
6,587
6,916
7,262
7,625
8,006
8,406

2,626.02
2,757.23
2,895.09
3,040.08
3,192.21
3,351.46
3,519.27
3,695.16
3,879.61

32.8253
34.4653
36.1886
38.0010
39.9026
41.8933
43.9909
46.1895
48.4952

067

SR OFFICE ASSIST

E

123

A
B
C
D
E
F
G
H
I

3,979
4,178
4,387
4,605
4,836
5,078
5,331
5,598
5,878

1,836.41
1,928.16
2,024.67
2,125.44
2,231.93
2,343.65
2,460.59
2,583.72
2,713.02

22.9551
24.1020
25.3083
26.5680
27.8991
29.2956
30.7573
32.2965
33.9128

407

SR PARK MAINT WRKR

U

137

A
B
C
D
E
F
G
H
I

4,575
4,804
5,044
5,296
5,561
5,839
6,131
6,438
6,760

2,111.66
2,217.19
2,327.96
2,444.43
2,566.60
2,694.96
2,829.49
2,971.15
3,119.95

26.3957
27.7149
29.0995
30.5554
32.0825
33.6870
35.3687
37.1394
38.9994

30

Garden Grove
Salary and Pay Schedule

Effective 07/09/22

JOB CODE

CLASSIFICATION TITLE

SCHEDULE RANGE STEP

MONTHLY

BI-WEEKLY

HOURLY

128

SR PERSONNEL ANALYST

M

166

A
B
C
D
E
F
G
H
I

5,982
6,282
6,595
6,926
7,272
7,635
8,016
8,417
8,838

2,761.03
2,899.37
3,043.89
3,196.49
3,356.22
3,524.03
3,699.92
3,884.85
4,079.28

34.5129
36.2421
38.0486
39.9561
41.9527
44.0503
46.2490
48.5606
50.9910

266

SR PLANNER

M

194

A
B
C
D
E
F
G
H
I

7,907
8,303
8,718
9,154
9,611
10,092
10,596
11,126
11,682

3,649.53
3,832.08
4,023.66
4,224.75
4,435.81
4,657.82
4,890.28
5,135.10
5,391.81

45.6191
47.9010
50.2957
52.8093
55.4477
58.2227
61.1285
64.1888
67.3976

025

SR PROG SPEC

M

166

A
B
C
D
E
F
G
H
I

5,982
6,282
6,595
6,926
7,272
7,635
8,016
8,417
8,838

2,761.03
2,899.37
3,043.89
3,196.49
3,356.22
3,524.03
3,699.92
3,884.85
4,079.28

34.5129
36.2421
38.0486
39.9561
41.9527
44.0503
46.2490
48.5606
50.9910

264

SR PROJECT PLANNER

M

194

A
B
C
D
E
F
G
H
I

7,907
8,303
8,718
9,154
9,611
10,092
10,596
11,126
11,682

3,649.53
3,832.08
4,023.66
4,224.75
4,435.81
4,657.82
4,890.28
5,135.10
5,391.81

45.6191
47.9010
50.2957
52.8093
55.4477
58.2227
61.1285
64.1888
67.3976

223

SR REAL PROPERTY AGENT

M

173

A
B
C
D
E
F
G
H
I

6,416
6,737
7,074
7,427
7,799
8,189
8,598
9,028
9,479

2,961.17
3,109.49
3,264.94
3,428.00
3,599.61
3,779.31
3,968.51
4,166.75
4,374.96

37.0146
38.8686
40.8118
42.8500
44.9951
47.2414
49.6063
52.0843
54.6870

31

Garden Grove
Salary and Pay Schedule

Effective 07/09/22

JOB CODE

CLASSIFICATION TITLE

SCHEDULE RANGE STEP

MONTHLY

BI-WEEKLY

HOURLY

253

SR RECREATION SPEC

E

101

A
B
C
D
E
F
G
H
I

3,197
3,357
3,525
3,701
3,886
4,081
4,285
4,499
4,724

1,475.59
1,549.28
1,626.77
1,708.05
1,793.63
1,883.47
1,977.60
2,076.48
2,180.11

18.4449
19.3660
20.3346
21.3507
22.4203
23.5434
24.7200
25.9560
27.2514

090

SR REPRO EQUIP OPERATOR

E

135

A
B
C
D
E
F
G
H
I

4,485
4,708
4,944
5,191
5,451
5,723
6,009
6,310
6,626

2,069.82
2,172.99
2,281.85
2,395.94
2,515.74
2,641.23
2,773.39
2,912.21
3,058.15

25.8728
27.1623
28.5231
29.9492
31.4467
33.0154
34.6674
36.4026
38.2269

462

SR SEWER MAINT WRKR

U

137

A
B
C
D
E
F
G
H
I

4,575
4,804
5,044
5,296
5,561
5,839
6,131
6,438
6,760

2,111.66
2,217.19
2,327.96
2,444.43
2,566.60
2,694.96
2,829.49
2,971.15
3,119.95

26.3957
27.7149
29.0995
30.5554
32.0825
33.6870
35.3687
37.1394
38.9994

419

SR STREET MAINT WRKR

U

137

A
B
C
D
E
F
G
H
I

4,575
4,804
5,044
5,296
5,561
5,839
6,131
6,438
6,760

2,111.66
2,217.19
2,327.96
2,444.43
2,566.60
2,694.96
2,829.49
2,971.15
3,119.95

26.3957
27.7149
29.0995
30.5554
32.0825
33.6870
35.3687
37.1394
38.9994

412

SR TRAFFIC SIGNAL ELEC

U

163

A
B
C
D
E
F
G
H
I

5,925
6,220
6,531
6,858
7,201
7,561
7,939
8,336
8,753

2,734.41
2,870.85
3,014.41
3,165.11
3,323.41
3,489.80
3,664.26
3,847.29
4,039.82

34.1801
35.8856
37.6802
39.5638
41.5427
43.6225
45.8033
48.0911
50.4977

32

Garden Grove
Salary and Pay Schedule

Effective 07/09/22

JOB CODE

CLASSIFICATION TITLE

SCHEDULE RANGE STEP

MONTHLY

BI-WEEKLY

HOURLY

437

SR WATER PROD OPTR

U

157

A
B
C
D
E
F
G
H
I

5,582
5,861
6,153
6,461
6,784
7,123
7,479
7,853
8,246

2,576.11
2,704.94
2,839.95
2,982.09
3,130.89
3,287.76
3,451.77
3,624.33
3,805.93

32.2014
33.8117
35.4994
37.2761
39.1361
41.0970
43.1471
45.3041
47.5741

255

SR WATER QUALITY TECH

E

165

A
B
C
D
E
F
G
H
I

6,041
6,343
6,660
6,993
7,342
7,710
8,095
8,500
8,925

2,788.13
2,927.42
3,073.83
3,227.39
3,388.54
3,558.25
3,736.05
3,922.87
4,119.21

34.8516
36.5927
38.4229
40.3423
42.3568
44.4782
46.7006
49.0359
51.4901

431

SR WATER SVC WRKR

U

146

A
B
C
D
E
F
G
H
I

5,004
5,254
5,517
5,793
6,082
6,386
6,705
7,040
7,392

2,309.42
2,424.93
2,546.16
2,673.57
2,807.15
2,947.38
3,094.75
3,249.25
3,411.84

28.8677
30.3117
31.8270
33.4196
35.0893
36.8423
38.6844
40.6157
42.6480

078

SR WORD PROC OPERATOR

E

123

A
B
C
D
E
F
G
H
I

3,979
4,178
4,387
4,605
4,836
5,078
5,331
5,598
5,878

1,836.41
1,928.16
2,024.67
2,125.44
2,231.93
2,343.65
2,460.59
2,583.72
2,713.02

22.9551
24.1020
25.3083
26.5680
27.8991
29.2956
30.7573
32.2965
33.9128

451

STOCK CLERK

E

112

A
B
C
D
E
F
G
H
I

3,566
3,744
3,932
4,128
4,334
4,551
4,778
5,017
5,268

1,645.78
1,728.03
1,814.55
1,905.34
2,000.42
2,100.25
2,205.31
2,315.60
2,431.59

20.5723
21.6003
22.6818
23.8168
25.0052
26.2532
27.5664
28.9450
30.3949

33

Garden Grove
Salary and Pay Schedule

Effective 07/09/22

JOB CODE

CLASSIFICATION TITLE

SCHEDULE RANGE STEP

MONTHLY

BI-WEEKLY

HOURLY

450

STOREKEEPER

E

135

A
B
C
D
E
F
G
H
I

4,485
4,708
4,944
5,191
5,451
5,723
6,009
6,310
6,626

2,069.82
2,172.99
2,281.85
2,395.94
2,515.74
2,641.23
2,773.39
2,912.21
3,058.15

25.8728
27.1623
28.5231
29.9492
31.4467
33.0154
34.6674
36.4026
38.2269

411

STREET MAINT WRKR

U

132

A
B
C
D
E
F
G
H
I

4,354
4,571
4,800
5,040
5,291
5,556
5,834
6,125
6,432

2,009.45
2,109.75
2,215.29
2,326.05
2,442.05
2,564.22
2,692.58
2,827.11
2,968.77

25.1181
26.3719
27.6911
29.0757
30.5256
32.0528
33.6572
35.3389
37.1097

233

SUPERVISING BLDG INSPCTR

M

179

A
B
C
D
E
F
G
H
I

6,809
7,149
7,507
7,883
8,276
8,690
9,125
9,581
10,060

3,142.77
3,299.64
3,464.61
3,638.12
3,819.72
4,010.82
4,211.43
4,422.03
4,643.08

39.2846
41.2455
43.3076
45.4765
47.7465
50.1353
52.6429
55.2754
58.0385

237

TRAFFIC ENGINEER

M

211

A
B
C
D
E
F
G
H
I

9,363
9,831
10,323
10,839
11,380
11,950
12,547
13,175
13,833

4,321.25
4,537.55
4,764.30
5,002.47
5,252.52
5,515.41
5,791.14
6,080.64
6,384.42

54.0156
56.7193
59.5538
62.5309
65.6565
68.9426
72.3892
76.0080
79.8052

405

TRAFFIC SIGNAL ELEC

U

143

A
B
C
D
E
F
G
H
I

4,856
5,100
5,355
5,623
5,904
6,199
6,509
6,834
7,175

2,241.44
2,353.63
2,471.52
2,595.12
2,724.90
2,860.86
3,003.96
3,154.17
3,311.53

28.0180
29.4204
30.8940
32.4390
34.0613
35.7608
37.5495
39.4272
41.3942

34

Garden Grove
Salary and Pay Schedule

Effective 07/09/22

JOB CODE

CLASSIFICATION TITLE

SCHEDULE RANGE STEP

MONTHLY

BI-WEEKLY

HOURLY

040

UTILITIES REVENUE SUPV

M

166

A
B
C
D
E
F
G
H
I

5,982
6,282
6,595
6,926
7,272
7,635
8,016
8,417
8,838

2,761.03
2,899.37
3,043.89
3,196.49
3,356.22
3,524.03
3,699.92
3,884.85
4,079.28

34.5129
36.2421
38.0486
39.9561
41.9527
44.0503
46.2490
48.5606
50.9910

410

UTILITY WRKR

U

112

A
B
C
D
E
F
G
H
I

3,567
3,745
3,933
4,129
4,335
4,553
4,780
5,019
5,269

1,646.25
1,728.50
1,815.02
1,905.81
2,000.89
2,101.20
2,206.26
2,316.55
2,432.07

20.5782
21.6062
22.6877
23.8227
25.0112
26.2650
27.5783
28.9569
30.4009

429

WATER CUST SVC WRKR

U

138

A
B
C
D
E
F
G
H
I

4,621
4,851
5,094
5,349
5,617
5,897
6,191
6,501
6,827

2,132.58
2,239.06
2,351.25
2,468.67
2,592.27
2,721.57
2,857.53
3,000.63
3,150.85

26.6572
27.9883
29.3906
30.8584
32.4034
34.0197
35.7192
37.5079
39.3857

433

WATER PROD ELEC

U

163

A
B
C
D
E
F
G
H
I

5,925
6,220
6,531
6,858
7,201
7,561
7,939
8,336
8,753

2,734.41
2,870.85
3,014.41
3,165.11
3,323.41
3,489.80
3,664.26
3,847.29
4,039.82

34.1801
35.8856
37.6802
39.5638
41.5427
43.6225
45.8033
48.0911
50.4977

438

WATER PROD MECH

U

147

A
B
C
D
E
F
G
H
I

5,054
5,308
5,572
5,851
6,144
6,451
6,773
7,112
7,467

2,332.71
2,449.65
2,571.83
2,700.66
2,835.67
2,977.33
3,126.13
3,282.53
3,446.54

29.1589
30.6207
32.1478
33.7583
35.4459
37.2167
39.0767
41.0316
43.0817

35

Garden Grove
Salary and Pay Schedule

Effective 07/09/22

JOB CODE

CLASSIFICATION TITLE

SCHEDULE RANGE STEP

MONTHLY

BI-WEEKLY

HOURLY

436

WATER PROD OPERATOR

U

142

A
B
C
D
E
F
G
H
I

4,808
5,049
5,301
5,566
5,844
6,137
6,444
6,766
7,104

2,219.10
2,330.34
2,446.80
2,568.98
2,697.33
2,832.34
2,974.01
3,122.80
3,278.73

27.7387
29.1292
30.5850
32.1122
33.7166
35.4043
37.1751
39.0350
40.9841

115

WATER QUALITY TECH

E

150

A
B
C
D
E
F
G
H
I

5,204
5,463
5,736
6,023
6,324
6,640
6,973
7,321
7,688

2,401.65
2,521.44
2,647.41
2,780.05
2,918.86
3,064.80
3,218.35
3,379.03
3,548.27

30.0206
31.5180
33.0927
34.7507
36.4858
38.3100
40.2294
42.2379
44.3533

430

WATER SVC WRKR

U

132

A
B
C
D
E
F
G
H
I

4,354
4,571
4,800
5,040
5,291
5,556
5,834
6,125
6,432

2,009.45
2,109.75
2,215.29
2,326.05
2,442.05
2,564.22
2,692.58
2,827.11
2,968.77

25.1181
26.3719
27.6911
29.0757
30.5256
32.0528
33.6572
35.3389
37.1097

409

WATER SVCS MGR

M

215

A
B
C
D
E
F
G
H
I

9,743
10,230
10,742
11,279
11,843
12,434
13,056
13,709
14,394

4,496.67
4,721.52
4,957.79
5,205.46
5,465.97
5,738.85
6,025.98
6,327.37
6,643.50

56.2083
59.0190
61.9723
65.0683
68.3246
71.7356
75.3247
79.0922
83.0438

102

WEBMASTER

E

174

A
B
C
D
E
F
G
H
I

6,608
6,939
7,286
7,650
8,033
8,434
8,856
9,299
9,763

3,050.07
3,202.67
3,362.87
3,530.68
3,707.52
3,892.45
4,087.35
4,291.77
4,506.17

38.1259
40.0333
42.0358
44.1335
46.3440
48.6557
51.0919
53.6471
56.3271

36

Garden Grove
Salary and Pay Schedule

JOB CODE

CLASSIFICATION TITLE

077

WORD PROC OPERATOR

Effective 07/09/22

SCHEDULE RANGE STEP
E

113

37

A
B
C
D
E
F
G
H
I

MONTHLY

BI-WEEKLY

HOURLY

3,601
3,781
3,970
4,168
4,376
4,595
4,825
5,067
5,320

1,661.94
1,745.13
1,832.13
1,923.88
2,019.91
2,120.69
2,226.70
2,338.41
2,455.36

20.7743
21.8142
22.9016
24.0485
25.2489
26.5086
27.8338
29.2302
30.6920
