EFFECTIVE: 7/12/2026
REVISED: 7/22/2026

CITY OF ELK GROVE - SALARY SCHEDULE
ALL CLASSES
CLASSIFICATION
911 CALL TAKER

UNIT
POA

GRADE
CT

hourly
bi-weekly
monthly
annual

STEP 1
28.15
2,252
4,879
58,546

STEP 2
29.55
2,364
5,123
61,474

STEP 3
31.03
2,483
5,379
64,547

STEP 4
32.58
2,607
5,648
67,774

STEP 5
34.21
2,737
5,930
71,164

STEP 6
35.92
2,874
6,227
74,720

STEP 7
37.72
3,018
6,538
78,457

ACCOUNTANT I

NON

81

hourly
bi-weekly
monthly
annual

36.00
2,880
6,240
74,884

37.80
3,024
6,552
78,628

39.69
3,175
6,880
82,562

41.68
3,334
7,224
86,693

43.76
3,501
7,586
91,030

45.95
3,676
7,965
95,583

48.25
3,860
8,364
100,364

ACCOUNTANT II

NON

91

hourly
bi-weekly
monthly
annual

39.78
3,182
6,895
82,740

41.77
3,341
7,240
86,878

43.86
3,509
7,602
91,225

46.05
3,684
7,983
95,790

48.36
3,868
8,382
100,580

50.77
4,062
8,801
105,611

53.31
4,265
9,241
110,895

ACCOUNTING MANAGER

NON

139

hourly
bi-weekly
monthly
annual

64.20
5,136
11,128
133,532

67.41
5,393
11,684
140,211

70.78
5,662
12,269
147,223

74.32
5,946
12,882
154,586

78.04
6,243
13,526
162,317

81.94
6,555
14,203
170,437

86.04
6,883
14,913
178,959

ACCOUNTING TECHNICIAN I

NON

51

hourly
bi-weekly
monthly
annual

26.68
2,135
4,625
55,499

28.02
2,241
4,856
58,276

29.42
2,354
5,099
61,193

30.89
2,471
5,355
64,254

32.44
2,595
5,622
67,469

34.06
2,725
5,904
70,845

35.76
2,861
6,199
74,390

ACCOUNTING TECHNICIAN II

NON

61

hourly
bi-weekly
monthly
annual

29.49
2,359
5,111
61,329

30.96
2,477
5,366
64,397

32.51
2,601
5,635
67,619

34.14
2,731
5,917
71,004

35.84
2,868
6,213
74,555

37.64
3,011
6,524
78,286

39.52
3,162
6,850
82,201

ADMINISTRATIVE ASSISTANT I

NON

50

hourly
bi-weekly
monthly
annual

26.42
2,113
4,579
54,948

27.74
2,219
4,808
57,698

29.13
2,330
5,049
60,584

30.58
2,447
5,301
63,616

32.11
2,569
5,567
66,798

33.72
2,698
5,845
70,140

35.41
2,833
6,137
73,649

ADMINISTRATIVE ASSISTANT II

NON

60

hourly
bi-weekly
monthly
annual

29.19
2,335
5,060
60,720

30.65
2,452
5,313
63,758

32.19
2,575
5,579
66,948

33.80
2,704
5,858
70,297

35.49
2,839
6,151
73,815

37.26
2,981
6,459
77,506

39.13
3,130
6,782
81,386

ADMINISTRATIVE SERVICES SUPERVISOR

NON

122

hourly
bi-weekly
monthly
annual

54.19
4,335
9,393
112,717

56.90
4,552
9,863
118,355

59.75
4,780
10,356
124,275

62.74
5,019
10,874
130,490

65.87
5,270
11,418
137,018

69.17
5,534
11,989
143,871

72.63
5,810
12,589
151,066

Page 1 of 21

EFFECTIVE: 7/12/2026
REVISED: 7/22/2026

CITY OF ELK GROVE - SALARY SCHEDULE
ALL CLASSES
CLASSIFICATION
ANIMAL CARE ASSISTANT

UNIT
NON

GRADE
25

hourly
bi-weekly
monthly
annual

STEP 1
20.58
1,646
3,567
42,798

STEP 2
21.61
1,728
3,745
44,939

STEP 3
22.69
1,815
3,932
47,189

STEP 4
23.82
1,906
4,129
49,550

STEP 5
25.01
2,001
4,336
52,030

STEP 6
26.27
2,101
4,553
54,634

STEP 7
27.58
2,206
4,781
57,367

ANIMAL CARE SUPERVISOR

NON

68

hourly
bi-weekly
monthly
annual

31.62
2,530
5,481
65,770

33.20
2,656
5,755
69,060

34.86
2,789
6,043
72,515

36.61
2,929
6,345
76,143

38.44
3,075
6,663
79,952

40.36
3,229
6,996
83,952

42.38
3,390
7,346
88,152

ANIMAL CARE TECHNICIAN

NON

39

hourly
bi-weekly
monthly
annual

23.67
1,893
4,102
49,228

24.85
1,988
4,308
51,690

26.10
2,088
4,523
54,278

27.40
2,192
4,750
56,994

28.77
2,302
4,987
59,846

30.21
2,417
5,237
62,842

31.72
2,538
5,499
65,985

ANIMAL SERVICES EVENTS SPECIALIST

NON

65

hourly
bi-weekly
monthly
annual

30.69
2,455
5,319
63,829

32.22
2,578
5,585
67,022

33.83
2,707
5,865
70,375

35.53
2,842
6,158
73,897

37.30
2,984
6,466
77,592

39.17
3,134
6,790
81,476

41.13
3,290
7,129
85,552

ANIMAL SERVICES MANAGER

NON

135

hourly
bi-weekly
monthly
annual

61.69
4,935
10,693
128,314

64.77
5,182
11,228
134,731

68.01
5,441
11,789
141,469

71.42
5,713
12,379
148,546

74.99
5,999
12,998
155,974

78.74
6,299
13,648
163,776

82.68
6,614
14,331
171,966

ANIMAL SERVICES OFFICER

POA

AGP

hourly
bi-weekly
monthly
annual

28.52
2,281
4,943
59,316

29.94
2,396
5,190
62,284

31.44
2,515
5,450
65,397

33.01
2,641
5,722
68,667

34.66
2,773
6,008
72,101

36.40
2,912
6,309
75,705

38.22
3,057
6,624
79,491

ANIMAL SERVICES SUPERVISOR

NON

88

hourly
bi-weekly
monthly
annual

38.61
3,088
6,692
80,300

40.54
3,243
7,027
84,318

42.56
3,405
7,378
88,535

44.69
3,576
7,747
92,964

46.93
3,754
8,135
97,614

49.28
3,942
8,541
102,497

51.74
4,139
8,969
107,625

ANIMAL SERVICES VOLUNTEER COORDINATOR

NON

85

hourly
bi-weekly
monthly
annual

37.47
2,997
6,494
77,932

39.34
3,147
6,819
81,831

41.31
3,305
7,160
85,924

43.38
3,470
7,519
90,222

45.55
3,644
7,895
94,736

47.82
3,826
8,290
99,475

50.22
4,017
8,704
104,452

ARTS, CULTURE, AND CREATIVE ECONOMY PROGRAM MANAGER

NON

122

hourly
bi-weekly
monthly
annual

54.19
4,335
9,393
112,717

56.90
4,552
9,863
118,355

59.75
4,780
10,356
124,275

62.74
5,019
10,874
130,490

65.87
5,270
11,418
137,018

69.17
5,534
11,989
143,871

72.63
5,810
12,589
151,066

Page 2 of 21

EFFECTIVE: 7/12/2026
REVISED: 7/22/2026

CITY OF ELK GROVE - SALARY SCHEDULE
ALL CLASSES
CLASSIFICATION
ASSISTANT CHIEF OF POLICE

UNIT
NON

GRADE
187

hourly
bi-weekly
monthly
annual

STEP 1
103.57
8,285
17,952
215,418

STEP 2
108.75
8,700
18,849
226,193

STEP 3
114.18
9,135
19,792
237,504

STEP 4
119.90
9,592
20,782
249,382

STEP 5
125.89
10,071
21,821
261,852

STEP 6
132.19
10,575
22,912
274,947

STEP 7
138.80
11,104
24,058
288,697

ASSISTANT CITY ATTORNEY

NON

179

hourly
bi-weekly
monthly
annual

95.63
7,651
16,577
198,919

100.42
8,033
17,406
208,868

105.44
8,435
18,276
219,312

110.71
8,857
19,190
230,281

116.25
9,300
20,150
241,796

122.06
9,765
21,157
253,889

128.17
10,253
22,215
266,585

ASSISTANT CITY CLERK

NON

107

hourly
bi-weekly
monthly
annual

46.66
3,733
8,088
97,059

49.00
3,920
8,493
101,913

51.45
4,116
8,918
107,011

54.02
4,322
9,364
112,363

56.72
4,538
9,832
117,983

59.56
4,765
10,324
123,884

62.54
5,003
10,840
130,081

ASSISTANT CITY MANAGER

NON

192

hourly
bi-weekly
monthly
annual

108.85
8,708
18,868
226,414

114.30
9,144
19,811
237,735

120.01
9,601
20,802
249,625

126.01
10,081
21,842
262,107

132.31
10,585
22,935
275,215

138.93
11,115
24,082
288,979

145.88
11,670
25,286
303,430

ASSISTANT COMMUNITY DEVELOPMENT DIRECTOR

NON

151

hourly
bi-weekly
monthly
annual

72.35
5,788
12,541
150,495

75.97
6,078
13,169
158,022

79.77
6,382
13,827
165,925

83.76
6,701
14,519
174,224

87.95
7,036
15,245
182,937

92.35
7,388
16,007
192,086

96.97
7,757
16,808
201,693

ASSISTANT ENGINEER

NON

104

hourly
bi-weekly
monthly
annual

45.29
3,623
7,850
94,196

47.55
3,804
8,242
98,908

49.93
3,995
8,655
103,857

52.43
4,194
9,088
109,050

55.05
4,404
9,542
114,506

57.80
4,624
10,020
120,234

60.70
4,856
10,521
126,247

ASSISTANT PLANNER

NON

87

hourly
bi-weekly
monthly
annual

38.22
3,058
6,625
79,503

40.13
3,211
6,957
83,480

42.14
3,371
7,305
87,656

44.25
3,540
7,670
92,041

46.46
3,717
8,054
96,645

48.79
3,903
8,457
101,480

51.23
4,098
8,880
106,556

ASSOCIATE CIVIL ENGINEER

NON

119

hourly
bi-weekly
monthly
annual

52.59
4,208
9,116
109,395

55.22
4,418
9,572
114,867

57.99
4,639
10,051
120,612

60.89
4,871
10,554
126,645

63.93
5,115
11,082
132,979

67.13
5,370
11,636
139,630

70.49
5,639
12,218
146,614

ASSOCIATE ENGINEER

NON

114

hourly
bi-weekly
monthly
annual

50.04
4,003
8,673
104,075

52.54
4,203
9,107
109,280

55.17
4,413
9,562
114,747

57.93
4,634
10,041
120,486

60.82
4,866
10,543
126,513

63.87
5,109
11,070
132,842

67.06
5,365
11,624
139,485

Page 3 of 21

EFFECTIVE: 7/12/2026
REVISED: 7/22/2026

CITY OF ELK GROVE - SALARY SCHEDULE
ALL CLASSES
CLASSIFICATION
ASSOCIATE PLANNER

UNIT
NON

GRADE
97

hourly
bi-weekly
monthly
annual

STEP 1
42.23
3,379
7,320
87,844

STEP 2
44.35
3,548
7,687
92,238

STEP 3
46.56
3,725
8,071
96,853

STEP 4
48.89
3,911
8,475
101,698

STEP 5
51.34
4,107
8,899
106,785

STEP 6
53.91
4,313
9,344
112,126

STEP 7
56.60
4,528
9,811
117,734

BUDGET MANAGER

NON

139

hourly
bi-weekly
monthly
annual

64.20
5,136
11,128
133,532

67.41
5,393
11,684
140,211

70.78
5,662
12,269
147,223

74.32
5,946
12,882
154,586

78.04
6,243
13,526
162,317

81.94
6,555
14,203
170,437

86.04
6,883
14,913
178,959

CAPTAIN

PMA

BFA

hourly
bi-weekly
monthly
annual

89.98
7,198
15,596
187,149

94.47
7,558
16,376
196,507

99.20
7,936
17,194
206,332

104.16
8,333
18,054
216,648

109.37
8,749
18,957
227,481

114.83
9,187
19,905
238,854

120.57
9,646
20,900
250,795

CHIEF INFORMATION OFFICER

NON

172

hourly
bi-weekly
monthly
annual

89.19
7,135
15,460
185,520

93.65
7,492
16,233
194,800

98.34
7,867
17,045
204,541

103.25
8,260
17,898
214,770

108.42
8,674
18,793
225,511

113.84
9,107
19,732
236,789

119.53
9,563
20,719
248,630

CHIEF OF POLICE

NON

192

hourly
bi-weekly
monthly
annual

108.85
8,708
18,868
226,414

114.30
9,144
19,811
237,735

120.01
9,601
20,802
249,625

126.01
10,081
21,842
262,107

132.31
10,585
22,935
275,215

138.93
11,115
24,082
288,979

145.88
11,670
25,286
303,430

CITY ATTORNEY

CONTRACT

annual

319,687.58

Effective June 30, 2025

CITY CLERK

CONTRACT

annual

168,017.43

Effective March 14, 2026

CITY COUNCIL MEMBER/MAYOR

ELECTED

monthly

2,550

CITY MANAGER

CONTRACT

annual

332,236.80

Effective December 28, 2025

CIVIC INNOVATION AND SUSTAINABILITY MANAGER

NON

132

hourly
bi-weekly
monthly
annual

59.87
4,790
10,378
124,533

62.87
5,029
10,897
130,761

66.01
5,281
11,442
137,302

69.31
5,545
12,014
144,169

72.78
5,822
12,615
151,380

76.42
6,114
13,246
158,951

80.24
6,419
13,908
166,900

CODE ENFORCEMENT MANAGER

NON

123

hourly
bi-weekly
monthly
annual

54.73
4,379
9,487
113,846

57.47
4,598
9,962
119,540

60.35
4,828
10,460
125,520

63.36
5,069
10,983
131,797

66.53
5,323
11,533
138,390

69.86
5,589
12,109
145,312

73.36
5,868
12,715
152,579

Page 4 of 21

EFFECTIVE: 7/12/2026
REVISED: 7/22/2026

CITY OF ELK GROVE - SALARY SCHEDULE
ALL CLASSES
CLASSIFICATION
CODE ENFORCEMENT OFFICER I

UNIT
NON

GRADE
68

hourly
bi-weekly
monthly
annual

STEP 1
31.62
2,530
5,481
65,770

STEP 2
33.20
2,656
5,755
69,060

STEP 3
34.86
2,789
6,043
72,515

STEP 4
36.61
2,929
6,345
76,143

STEP 5
38.44
3,075
6,663
79,952

STEP 6
40.36
3,229
6,996
83,952

STEP 7
42.38
3,390
7,346
88,152

CODE ENFORCEMENT OFFICER II

NON

78

hourly
bi-weekly
monthly
annual

34.94
2,795
6,056
72,673

36.69
2,935
6,359
76,310

38.52
3,082
6,677
80,127

40.45
3,236
7,011
84,137

42.47
3,398
7,362
88,345

44.60
3,568
7,730
92,764

46.83
3,746
8,117
97,404

CODE ENFORCEMENT SPECIALIST

NON

73

hourly
bi-weekly
monthly
annual

33.24
2,659
5,761
69,136

34.90
2,792
6,050
72,594

36.65
2,932
6,352
76,226

38.48
3,078
6,670
80,040

40.41
3,233
7,004
84,045

42.43
3,394
7,354
88,248

44.55
3,564
7,722
92,663

COMMUNICATIONS AND COMMUNITY ENGAGEMENT SPECIALIST

NON

89

hourly
bi-weekly
monthly
annual

38.99
3,119
6,759
81,106

40.94
3,275
7,097
85,162

42.99
3,439
7,452
89,423

45.14
3,611
7,825
93,897

47.40
3,792
8,216
98,594

49.77
3,982
8,627
103,525

52.26
4,181
9,059
108,703

COMMUNICATIONS AND MARKETING SPECIALIST

NON

89

hourly
bi-weekly
monthly
annual

38.99
3,119
6,759
81,106

40.94
3,275
7,097
85,162

42.99
3,439
7,452
89,423

45.14
3,611
7,825
93,897

47.40
3,792
8,216
98,594

49.77
3,982
8,627
103,525

52.26
4,181
9,059
108,703

COMMUNITY CENTER ATTENDANT

NON

17

hourly
bi-weekly
monthly
annual

18.99
1,519
3,292
39,506

19.94
1,596
3,457
41,483

20.94
1,675
3,630
43,560

21.99
1,759
3,812
45,739

23.09
1,847
4,002
48,028

24.25
1,940
4,203
50,433

25.46
2,037
4,413
52,956

COMMUNITY CENTER COORDINATOR

NON

97

hourly
bi-weekly
monthly
annual

42.23
3,379
7,320
87,844

44.35
3,548
7,687
92,238

46.56
3,725
8,071
96,853

48.89
3,911
8,475
101,698

51.34
4,107
8,899
106,785

53.91
4,313
9,344
112,126

56.60
4,528
9,811
117,734

COMMUNITY CENTER MANAGER

NON

132

hourly
bi-weekly
monthly
annual

59.87
4,790
10,378
124,533

62.87
5,029
10,897
130,761

66.01
5,281
11,442
137,302

69.31
5,545
12,014
144,169

72.78
5,822
12,615
151,380

76.42
6,114
13,246
158,951

80.24
6,419
13,908
166,900

COMMUNITY DEVELOPMENT DIRECTOR

NON

171

hourly
bi-weekly
monthly
annual

88.31
7,065
15,307
183,682

92.73
7,418
16,072
192,869

97.36
7,789
16,876
202,514

102.23
8,179
17,720
212,641

107.34
8,588
18,606
223,276

112.71
9,017
19,537
234,441

118.35
9,468
20,514
246,165

Page 5 of 21

EFFECTIVE: 7/12/2026
REVISED: 7/22/2026

CITY OF ELK GROVE - SALARY SCHEDULE
ALL CLASSES
CLASSIFICATION
COMMUNITY ENGAGEMENT AND GOVERNMENT RELATIONS PROGRAM MANAGER

UNIT
NON

GRADE
129

hourly
bi-weekly
monthly
annual

STEP 1
58.11
4,649
10,072
120,864

STEP 2
61.01
4,881
10,576
126,909

STEP 3
64.07
5,125
11,105
133,257

STEP 4
67.27
5,382
11,660
139,922

STEP 5
70.63
5,651
12,243
146,919

STEP 6
74.17
5,933
12,856
154,267

STEP 7
77.88
6,230
13,499
161,983

COMMUNITY EVENTS PROGRAM MANAGER

NON

112

hourly
bi-weekly
monthly
annual

49.05
3,924
8,502
102,020

51.50
4,120
8,927
107,123

54.08
4,326
9,374
112,482

56.78
4,543
9,842
118,108

59.62
4,770
10,335
124,015

62.60
5,008
10,852
130,218

65.74
5,259
11,394
136,731

COMMUNITY EVENTS SPECIALIST

NON

70

hourly
bi-weekly
monthly
annual

32.26
2,581
5,591
67,096

33.87
2,710
5,871
70,453

35.57
2,845
6,165
73,978

37.35
2,988
6,473
77,679

39.21
3,137
6,797
81,565

41.18
3,294
7,137
85,646

43.24
3,459
7,494
89,930

COMMUNITY SERVICE OFFICER

NON

61

hourly
bi-weekly
monthly
annual

29.49
2,359
5,111
61,329

30.96
2,477
5,366
64,397

32.51
2,601
5,635
67,619

34.14
2,731
5,917
71,004

35.84
2,868
6,213
74,555

37.64
3,011
6,524
78,286

39.52
3,162
6,850
82,201

hourly

16.90

COUNCIL ASSISTANT

Effective December 14, 2025

CUSTOMER SERVICE REPRESENTATIVE

NON

47

hourly
bi-weekly
monthly
annual

25.64
2,051
4,444
53,325

26.92
2,154
4,666
55,994

28.27
2,261
4,900
58,796

29.68
2,375
5,145
61,738

31.17
2,493
5,402
64,827

32.73
2,618
5,673
68,070

34.36
2,749
5,956
71,476

CUSTOMER SERVICE SUPERVISOR

NON

72

hourly
bi-weekly
monthly
annual

32.91
2,633
5,704
68,449

34.55
2,764
5,989
71,873

36.28
2,903
6,289
75,470

38.10
3,048
6,604
79,245

40.00
3,200
6,934
83,209

42.01
3,360
7,281
87,372

44.11
3,529
7,645
91,743

DATABASE ADMINISTRATOR

NON

R108

hourly
bi-weekly
monthly
annual

47.07
3,765
8,158
97,897

49.42
3,954
8,566
102,792

51.89
4,151
8,995
107,934

54.49
4,359
9,445
113,334

57.21
4,577
9,917
119,003

60.07
4,806
10,413
124,954

63.08
5,046
10,934
131,203

DEPUTY CITY ATTORNEY I

NON

137

hourly
bi-weekly
monthly
annual

62.93
5,034
10,908
130,896

66.08
5,286
11,454
137,443

69.38
5,551
12,027
144,318

72.85
5,828
12,628
151,536

76.50
6,120
13,260
159,114

80.32
6,426
13,923
167,071

84.34
6,747
14,619
175,429

DEPUTY CITY ATTORNEY II

NON

147

hourly
bi-weekly
monthly
annual

69.53
5,562
12,051
144,614

73.00
5,840
12,654
151,847

76.65
6,132
13,287
159,441

80.49
6,439
13,951
167,416

84.51
6,761
14,649
175,789

88.74
7,099
15,382
184,579

93.18
7,454
16,151
193,810

Page 6 of 21

EFFECTIVE: 7/12/2026
REVISED: 7/22/2026

CITY OF ELK GROVE - SALARY SCHEDULE
ALL CLASSES
CLASSIFICATION
DEPUTY CITY CLERK I

UNIT
NON

GRADE
72

hourly
bi-weekly
monthly
annual

STEP 1
32.91
2,633
5,704
68,449

STEP 2
34.55
2,764
5,989
71,873

STEP 3
36.28
2,903
6,289
75,470

STEP 4
38.10
3,048
6,604
79,245

STEP 5
40.00
3,200
6,934
83,209

STEP 6
42.01
3,360
7,281
87,372

STEP 7
44.11
3,529
7,645
91,743

DEPUTY CITY CLERK II

NON

82

hourly
bi-weekly
monthly
annual

36.36
2,909
6,303
75,634

38.18
3,055
6,618
79,418

40.09
3,207
6,949
83,390

42.10
3,368
7,297
87,563

44.20
3,536
7,662
91,943

46.41
3,713
8,045
96,541

48.74
3,899
8,448
101,370

DEPUTY CITY MANAGER

NON

175

hourly
bi-weekly
monthly
annual

91.90
7,352
15,929
191,148

96.49
7,720
16,726
200,709

101.32
8,106
17,562
210,746

106.39
8,511
18,441
221,286

111.71
8,937
19,363
232,352

117.29
9,384
20,331
243,972

123.16
9,853
21,348
256,172

DEPUTY PUBLIC WORKS DIRECTOR/CITY ENGINEER

NON

159

hourly
bi-weekly
monthly
annual

78.36
6,269
13,582
162,982

82.28
6,582
14,261
171,134

86.39
6,911
14,975
179,694

90.71
7,257
15,723
188,680

95.25
7,620
16,510
198,116

100.01
8,001
17,335
208,024

105.01
8,401
18,202
218,428

DEPUTY PUBLIC WORKS DIRECTOR-OPERATIONS

NON

154

hourly
bi-weekly
monthly
annual

74.55
5,964
12,922
155,062

78.28
6,262
13,568
162,817

82.19
6,575
14,247
170,960

86.30
6,904
14,959
179,511

90.62
7,250
15,707
188,488

95.15
7,612
16,493
197,914

99.91
7,993
17,318
207,813

DISPATCH SUPERVISOR

POA

PD

hourly
bi-weekly
monthly
annual

45.54
3,643
7,893
94,719

47.81
3,825
8,288
99,455

50.21
4,016
8,702
104,428

52.72
4,217
9,137
109,648

55.35
4,428
9,594
115,131

58.12
4,650
10,074
120,887

61.03
4,882
10,578
126,933

DISPATCHER

POA

PE

hourly
bi-weekly
monthly
annual

35.19
2,815
6,099
73,191

36.95
2,956
6,404
76,851

38.79
3,104
6,724
80,693

40.73
3,259
7,061
84,728

42.77
3,422
7,414
88,962

44.91
3,593
7,784
93,410

47.15
3,772
8,173
98,081

DRAINAGE AND COLLECTION SUPERVISOR

NON

103

hourly
bi-weekly
monthly
annual

44.84
3,587
7,772
93,261

47.08
3,766
8,161
97,927

49.44
3,955
8,569
102,826

51.91
4,153
8,997
107,969

54.50
4,360
9,447
113,369

57.23
4,578
9,920
119,040

60.09
4,807
10,416
124,994

ECONOMIC DEVELOPMENT ANALYST I

NON

92

hourly
bi-weekly
monthly
annual

40.18
3,214
6,964
83,570

42.19
3,375
7,313
87,750

44.30
3,544
7,678
92,140

46.51
3,721
8,062
96,749

48.84
3,907
8,466
101,588

51.28
4,103
8,889
106,670

53.85
4,308
9,334
112,006

Page 7 of 21

EFFECTIVE: 7/12/2026
REVISED: 7/22/2026

CITY OF ELK GROVE - SALARY SCHEDULE
ALL CLASSES
CLASSIFICATION
ECONOMIC DEVELOPMENT ANALYST II

UNIT
NON

GRADE
102

hourly
bi-weekly
monthly
annual

STEP 1
44.39
3,551
7,695
92,336

STEP 2
46.61
3,729
8,080
96,954

STEP 3
48.94
3,916
8,484
101,804

STEP 4
51.39
4,111
8,908
106,898

STEP 5
53.96
4,317
9,354
112,244

STEP 6
56.66
4,533
9,822
117,858

STEP 7
59.50
4,760
10,313
123,753

ECONOMIC DEVELOPMENT DIRECTOR

NON

164

hourly
bi-weekly
monthly
annual

82.36
6,589
14,276
171,309

86.48
6,918
14,990
179,876

90.80
7,264
15,739
188,871

95.34
7,628
16,526
198,317

100.11
8,009
17,353
208,235

105.12
8,410
18,221
218,649

110.38
8,830
19,132
229,584

ENGINEERING MANAGER

NON

148

hourly
bi-weekly
monthly
annual

70.22
5,618
12,172
146,063

73.73
5,899
12,781
153,368

77.42
6,194
13,420
161,038

81.29
6,504
14,091
169,093

85.36
6,829
14,796
177,549

89.63
7,170
15,536
186,429

94.11
7,529
16,313
195,753

ENGINEERING TECHNICIAN I

NON

R69

hourly
bi-weekly
monthly
annual

31.86
2,549
5,522
66,268

33.45
2,676
5,799
69,583

35.13
2,810
6,089
73,064

36.88
2,951
6,393
76,720

38.73
3,098
6,713
80,558

40.67
3,253
7,049
84,588

42.70
3,416
7,402
88,820

ENGINEERING TECHNICIAN II

NON

R79

hourly
bi-weekly
monthly
annual

35.24
2,819
6,109
73,304

37.01
2,960
6,414
76,972

38.86
3,109
6,735
80,821

40.80
3,264
7,072
84,864

42.84
3,427
7,426
89,110

44.98
3,599
7,797
93,567

47.23
3,779
8,187
98,248

EXECUTIVE ASSISTANT TO THE CITY MANAGER

NON

93

hourly
bi-weekly
monthly
annual

40.58
3,247
7,034
84,409

42.61
3,409
7,386
88,631

44.74
3,579
7,755
93,063

46.98
3,758
8,143
97,719

49.33
3,946
8,551
102,607

51.80
4,144
8,978
107,740

54.39
4,351
9,427
113,129

FACILITIES MAINTENANCE SUPERVISOR

NON

109

hourly
bi-weekly
monthly
annual

47.60
3,808
8,251
99,014

49.98
3,999
8,664
103,965

52.48
4,199
9,097
109,166

55.11
4,409
9,552
114,627

57.87
4,629
10,030
120,360

60.76
4,861
10,532
126,380

63.80
5,104
11,058
132,701

FACILITIES TECHNICIAN I

NON

52

hourly
bi-weekly
monthly
annual

26.95
2,156
4,671
56,056

28.30
2,264
4,905
58,862

29.71
2,377
5,151
61,807

31.20
2,496
5,408
64,899

32.76
2,621
5,679
68,146

34.40
2,752
5,963
71,556

36.12
2,890
6,261
75,136

FACILITIES TECHNICIAN II

NON

62

hourly
bi-weekly
monthly
annual

29.78
2,382
5,162
61,944

31.27
2,502
5,420
65,045

32.84
2,627
5,692
68,298

34.48
2,758
5,976
71,716

36.20
2,896
6,275
75,304

38.01
3,041
6,589
79,071

39.92
3,193
6,919
83,026

Page 8 of 21

EFFECTIVE: 7/12/2026
REVISED: 7/22/2026

CITY OF ELK GROVE - SALARY SCHEDULE
ALL CLASSES
CLASSIFICATION
FACILITIES SUPPORT WORKER

UNIT
NON

GRADE
28

hourly
bi-weekly
monthly
annual

STEP 1
21.20
1,696
3,675
44,102

STEP 2
22.26
1,781
3,859
46,310

STEP 3
23.38
1,870
4,052
48,627

STEP 4
24.55
1,964
4,255
51,059

STEP 5
25.78
2,062
4,468
53,615

STEP 6
27.07
2,165
4,692
56,298

STEP 7
28.42
2,274
4,926
59,115

FINANCE AND BUDGET ANALYST I

NON

92

hourly
bi-weekly
monthly
annual

40.18
3,214
6,964
83,570

42.19
3,375
7,313
87,750

44.30
3,544
7,678
92,140

46.51
3,721
8,062
96,749

48.84
3,907
8,466
101,588

51.28
4,103
8,889
106,670

53.85
4,308
9,334
112,006

FINANCE AND BUDGET ANALYST II

NON

102

hourly
bi-weekly
monthly
annual

44.39
3,551
7,695
92,336

46.61
3,729
8,080
96,954

48.94
3,916
8,484
101,804

51.39
4,111
8,908
106,898

53.96
4,317
9,354
112,244

56.66
4,533
9,822
117,858

59.50
4,760
10,313
123,753

FINANCE DIRECTOR

NON

174

hourly
bi-weekly
monthly
annual

90.99
7,279
15,771
189,253

95.54
7,643
16,560
198,718

100.32
8,025
17,388
208,658

105.33
8,427
18,258
219,091

110.60
8,848
19,171
230,049

116.13
9,291
20,129
241,553

121.94
9,755
21,136
253,633

FINANCE MANAGER

NON

139

hourly
bi-weekly
monthly
annual

64.20
5,136
11,128
133,532

67.41
5,393
11,684
140,211

70.78
5,662
12,269
147,223

74.32
5,946
12,882
154,586

78.04
6,243
13,526
162,317

81.94
6,555
14,203
170,437

86.04
6,883
14,913
178,959

FLEET MAINTENANCE TECHNICIAN

NON

53

hourly
bi-weekly
monthly
annual

27.22
2,178
4,718
56,620

28.58
2,287
4,954
59,453

30.01
2,401
5,202
62,428

31.52
2,521
5,463
65,552

33.09
2,647
5,736
68,831

34.75
2,780
6,023
72,275

36.49
2,919
6,324
75,891

FLEET MANAGER

NON

129

hourly
bi-weekly
monthly
annual

58.11
4,649
10,072
120,864

61.01
4,881
10,576
126,909

64.07
5,125
11,105
133,257

67.27
5,382
11,660
139,922

70.63
5,651
12,243
146,919

74.17
5,933
12,856
154,267

77.88
6,230
13,499
161,983

FORENSIC INVESTIGATOR

POA

PG

hourly
bi-weekly
monthly
annual

36.43
2,915
6,315
75,783

38.26
3,060
6,631
79,572

40.17
3,213
6,963
83,550

42.18
3,374
7,311
87,728

44.29
3,543
7,676
92,114

46.50
3,720
8,060
96,720

48.83
3,906
8,463
101,557

GIS ANALYST I

NON

85

hourly
bi-weekly
monthly
annual

37.47
2,997
6,494
77,932

39.34
3,147
6,819
81,831

41.31
3,305
7,160
85,924

43.38
3,470
7,519
90,222

45.55
3,644
7,895
94,736

47.82
3,826
8,290
99,475

50.22
4,017
8,704
104,452

Page 9 of 21

EFFECTIVE: 7/12/2026
REVISED: 7/22/2026

CITY OF ELK GROVE - SALARY SCHEDULE
ALL CLASSES
CLASSIFICATION
GIS ANALYST II

UNIT
NON

GRADE
95

hourly
bi-weekly
monthly
annual

STEP 1
41.40
3,312
7,176
86,108

STEP 2
43.47
3,478
7,535
90,416

STEP 3
45.64
3,652
7,912
94,939

STEP 4
47.93
3,834
8,308
99,690

STEP 5
50.32
4,026
8,723
104,675

STEP 6
52.84
4,227
9,159
109,910

STEP 7
55.48
4,439
9,617
115,408

GIS SYSTEM ADMINISTRATOR

NON

120

hourly
bi-weekly
monthly
annual

53.12
4,250
9,208
110,492

55.78
4,462
9,668
116,018

58.57
4,685
10,152
121,822

61.50
4,920
10,660
127,915

64.57
5,166
11,193
134,311

67.80
5,424
11,753
141,030

71.19
5,696
12,340
148,084

GRAPHICS AND MULTIMEDIA PROGRAM MANAGER

NON

122

hourly
bi-weekly
monthly
annual

54.19
4,335
9,393
112,717

56.90
4,552
9,863
118,355

59.75
4,780
10,356
124,275

62.74
5,019
10,874
130,490

65.87
5,270
11,418
137,018

69.17
5,534
11,989
143,871

72.63
5,810
12,589
151,066

HOMELESS SERVICES NAVIGATOR

NON

61

hourly
bi-weekly
monthly
annual

29.49
2,359
5,111
61,329

30.96
2,477
5,366
64,397

32.51
2,601
5,635
67,619

34.14
2,731
5,917
71,004

35.84
2,868
6,213
74,555

37.64
3,011
6,524
78,286

39.52
3,162
6,850
82,201

HOUSING AND PUBLIC SERVICES MANAGER

NON

132

hourly
bi-weekly
monthly
annual

59.87
4,790
10,378
124,533

62.87
5,029
10,897
130,761

66.01
5,281
11,442
137,302

69.31
5,545
12,014
144,169

72.78
5,822
12,615
151,380

76.42
6,114
13,246
158,951

80.24
6,419
13,908
166,900

HUMAN RESOURCES ANALYST I

NON

92

hourly
bi-weekly
monthly
annual

40.18
3,214
6,964
83,570

42.19
3,375
7,313
87,750

44.30
3,544
7,678
92,140

46.51
3,721
8,062
96,749

48.84
3,907
8,466
101,588

51.28
4,103
8,889
106,670

53.85
4,308
9,334
112,006

HUMAN RESOURCES ANALYST II

NON

102

hourly
bi-weekly
monthly
annual

44.39
3,551
7,695
92,336

46.61
3,729
8,080
96,954

48.94
3,916
8,484
101,804

51.39
4,111
8,908
106,898

53.96
4,317
9,354
112,244

56.66
4,533
9,822
117,858

59.50
4,760
10,313
123,753

HUMAN RESOURCES DIRECTOR

NON

172

hourly
bi-weekly
monthly
annual

89.19
7,135
15,460
185,520

93.65
7,492
16,233
194,800

98.34
7,867
17,045
204,541

103.25
8,260
17,898
214,770

108.42
8,674
18,793
225,511

113.84
9,107
19,732
236,789

119.53
9,563
20,719
248,630

HUMAN RESOURCES SPECIALIST I

NON

63

hourly
bi-weekly
monthly
annual

30.08
2,406
5,214
62,567

31.59
2,527
5,475
65,697

33.17
2,653
5,749
68,985

34.82
2,786
6,036
72,435

36.57
2,925
6,338
76,060

38.40
3,072
6,655
79,864

40.32
3,225
6,988
83,860

Page 10 of 21

EFFECTIVE: 7/12/2026
REVISED: 7/22/2026

CITY OF ELK GROVE - SALARY SCHEDULE
ALL CLASSES
CLASSIFICATION
HUMAN RESOURCES SPECIALIST II

UNIT
NON

GRADE
73

hourly
bi-weekly
monthly
annual

STEP 1
33.24
2,659
5,761
69,136

STEP 2
34.90
2,792
6,050
72,594

STEP 3
36.65
2,932
6,352
76,226

STEP 4
38.48
3,078
6,670
80,040

STEP 5
40.41
3,233
7,004
84,045

STEP 6
42.43
3,394
7,354
88,248

STEP 7
44.55
3,564
7,722
92,663

INFORMATION TECHNOLOGY ANALYST I

NON

87

hourly
bi-weekly
monthly
annual

38.22
3,058
6,625
79,503

40.13
3,211
6,957
83,480

42.14
3,371
7,305
87,656

44.25
3,540
7,670
92,041

46.46
3,717
8,054
96,645

48.79
3,903
8,457
101,480

51.23
4,098
8,880
106,556

INFORMATION TECHNOLOGY ANALYST II

NON

97

hourly
bi-weekly
monthly
annual

42.23
3,379
7,320
87,844

44.35
3,548
7,687
92,238

46.56
3,725
8,071
96,853

48.89
3,911
8,475
101,698

51.34
4,107
8,899
106,785

53.91
4,313
9,344
112,126

56.60
4,528
9,811
117,734

INFORMATION TECHNOLOGY MANAGER

NON

146

hourly
bi-weekly
monthly
annual

68.84
5,507
11,932
143,180

72.28
5,782
12,528
150,340

75.89
6,072
13,155
157,860

79.69
6,375
13,813
165,756

83.68
6,694
14,504
174,045

87.86
7,029
15,229
182,750

92.26
7,380
15,991
191,891

INFORMATION TECHNOLOGY TECHNICIAN

NON

75

hourly
bi-weekly
monthly
annual

33.91
2,713
5,878
70,531

35.61
2,848
6,172
74,059

37.39
2,991
6,480
77,763

39.26
3,141
6,805
81,655

41.22
3,298
7,145
85,739

43.28
3,463
7,502
90,028

45.45
3,636
7,878
94,532

LANDSCAPE MAINTENANCE SUPERVISOR

NON

107

hourly
bi-weekly
monthly
annual

46.66
3,733
8,088
97,059

49.00
3,920
8,493
101,913

51.45
4,116
8,918
107,011

54.02
4,322
9,364
112,363

56.72
4,538
9,832
117,983

59.56
4,765
10,324
123,884

62.54
5,003
10,840
130,081

LEGAL EXECUTIVE ADMINISTRATIVE ASSISTANT

NON

82

hourly
bi-weekly
monthly
annual

36.36
2,909
6,303
75,634

38.18
3,055
6,618
79,418

40.09
3,207
6,949
83,390

42.10
3,368
7,297
87,563

44.20
3,536
7,662
91,943

46.41
3,713
8,045
96,541

48.74
3,899
8,448
101,370

LIEUTENANT

PMA

BAA

hourly
bi-weekly
monthly
annual

77.64
6,212
13,458
161,500

81.53
6,522
14,131
169,575

85.60
6,848
14,838
178,054

89.88
7,191
15,580
186,957

94.38
7,550
16,359
196,303

99.10
7,928
17,177
206,119

104.05
8,324
18,035
216,423

LONG RANGE PLANNING PROGRAM MANAGER

NON

129

hourly
bi-weekly
monthly
annual

58.11
4,649
10,072
120,864

61.01
4,881
10,576
126,909

64.07
5,125
11,105
133,257

67.27
5,382
11,660
139,922

70.63
5,651
12,243
146,919

74.17
5,933
12,856
154,267

77.88
6,230
13,499
161,983

Page 11 of 21

EFFECTIVE: 7/12/2026
REVISED: 7/22/2026

CITY OF ELK GROVE - SALARY SCHEDULE
ALL CLASSES
CLASSIFICATION

UNIT

GRADE

STEP 1

STEP 2

STEP 3

STEP 4

STEP 5

STEP 6

STEP 7

MAINTENANCE SPECIALIST

NON

73

hourly
bi-weekly
monthly
annual

33.24
2,659
5,761
69,136

34.90
2,792
6,050
72,594

36.65
2,932
6,352
76,226

38.48
3,078
6,670
80,040

40.41
3,233
7,004
84,045

42.43
3,394
7,354
88,248

44.55
3,564
7,722
92,663

MAINTENANCE TECHNICIAN I

NON

53

hourly
bi-weekly
monthly
annual

27.22
2,178
4,718
56,620

28.58
2,287
4,954
59,453

30.01
2,401
5,202
62,428

31.52
2,521
5,463
65,552

33.09
2,647
5,736
68,831

34.75
2,780
6,023
72,275

36.49
2,919
6,324
75,891

MAINTENANCE TECHNICIAN II

NON

62

hourly
bi-weekly
monthly
annual

29.78
2,382
5,162
61,944

31.27
2,502
5,420
65,045

32.84
2,627
5,692
68,298

34.48
2,758
5,976
71,716

36.20
2,896
6,275
75,304

38.01
3,041
6,589
79,071

39.92
3,193
6,919
83,026

MANAGEMENT ANALYST I

NON

92

hourly
bi-weekly
monthly
annual

40.18
3,214
6,964
83,570

42.19
3,375
7,313
87,750

44.30
3,544
7,678
92,140

46.51
3,721
8,062
96,749

48.84
3,907
8,466
101,588

51.28
4,103
8,889
106,670

53.85
4,308
9,334
112,006

MANAGEMENT ANALYST II

NON

102

hourly
bi-weekly
monthly
annual

44.39
3,551
7,695
92,336

46.61
3,729
8,080
96,954

48.94
3,916
8,484
101,804

51.39
4,111
8,908
106,898

53.96
4,317
9,354
112,244

56.66
4,533
9,822
117,858

59.50
4,760
10,313
123,753

MENTAL HEALTH CLINICIAN

NON

117

hourly
bi-weekly
monthly
annual

51.56
4,124
8,936
107,235

54.13
4,331
9,383
112,599

56.84
4,547
9,853
118,231

59.69
4,775
10,346
124,146

62.67
5,014
10,863
130,355

65.80
5,264
11,406
136,873

69.10
5,528
11,977
143,720

MULTIMEDIA SPECIALIST I

NON

82

hourly
bi-weekly
monthly
annual

36.36
2,909
6,303
75,634

38.18
3,055
6,618
79,418

40.09
3,207
6,949
83,390

42.10
3,368
7,297
87,563

44.20
3,536
7,662
91,943

46.41
3,713
8,045
96,541

48.74
3,899
8,448
101,370

MULTIMEDIA SPECIALIST II

NON

92

hourly
bi-weekly
monthly
annual

40.18
3,214
6,964
83,570

42.19
3,375
7,313
87,750

44.30
3,544
7,678
92,140

46.51
3,721
8,062
96,749

48.84
3,907
8,466
101,588

51.28
4,103
8,889
106,670

53.85
4,308
9,334
112,006

NETWORK ENGINEER

NON

115

hourly
bi-weekly
monthly
annual

50.54
4,043
8,760
105,118

53.07
4,245
9,198
110,376

55.72
4,458
9,658
115,897

58.51
4,681
10,141
121,695

61.43
4,915
10,648
127,781

64.51
5,161
11,181
134,173

67.73
5,419
11,740
140,883

Page 12 of 21

EFFECTIVE: 7/12/2026
REVISED: 7/22/2026

CITY OF ELK GROVE - SALARY SCHEDULE
ALL CLASSES
CLASSIFICATION
OPERATIONS MANAGER

UNIT
NON

GRADE
129

hourly
bi-weekly
monthly
annual

STEP 1
58.11
4,649
10,072
120,864

STEP 2
61.01
4,881
10,576
126,909

STEP 3
64.07
5,125
11,105
133,257

STEP 4
67.27
5,382
11,660
139,922

STEP 5
70.63
5,651
12,243
146,919

STEP 6
74.17
5,933
12,856
154,267

STEP 7
77.88
6,230
13,499
161,983

PARALEGAL

NON

82

hourly
bi-weekly
monthly
annual

36.36
2,909
6,303
75,634

38.18
3,055
6,618
79,418

40.09
3,207
6,949
83,390

42.10
3,368
7,297
87,563

44.20
3,536
7,662
91,943

46.41
3,713
8,045
96,541

48.74
3,899
8,448
101,370

PARKING ENFORCEMENT TECHNICIAN

NON

36

hourly
bi-weekly
monthly
annual

22.97
1,837
3,981
47,774

24.12
1,929
4,181
50,166

25.32
2,026
4,390
52,675

26.59
2,127
4,609
55,311

27.92
2,234
4,840
58,078

29.32
2,346
5,082
60,985

30.79
2,463
5,336
64,036

PAYROLL COORDINATOR

NON

87

hourly
bi-weekly
monthly
annual

38.22
3,058
6,625
79,503

40.13
3,211
6,957
83,480

42.14
3,371
7,305
87,656

44.25
3,540
7,670
92,041

46.46
3,717
8,054
96,645

48.79
3,903
8,457
101,480

51.23
4,098
8,880
106,556

PAYROLL SPECIALIST

NON

R79

hourly
bi-weekly
monthly
annual

35.24
2,819
6,109
73,304

37.01
2,960
6,414
76,972

38.86
3,109
6,735
80,821

40.80
3,264
7,072
84,864

42.84
3,427
7,426
89,110

44.98
3,599
7,797
93,567

47.23
3,779
8,187
98,248

PERMIT PROCESSING COORDINATOR

NON

92

hourly
bi-weekly
monthly
annual

40.18
3,214
6,964
83,570

42.19
3,375
7,313
87,750

44.30
3,544
7,678
92,140

46.51
3,721
8,062
96,749

48.84
3,907
8,466
101,588

51.28
4,103
8,889
106,670

53.85
4,308
9,334
112,006

PLANNING MANAGER

NON

138

hourly
bi-weekly
monthly
annual

63.56
5,085
11,017
132,208

66.74
5,339
11,568
138,820

70.08
5,606
12,147
145,763

73.58
5,887
12,754
153,053

77.26
6,181
13,392
160,708

81.13
6,490
14,062
168,746

85.18
6,815
14,765
177,184

POLICE BUDGET AND FINANCE MANAGER

NON

129

hourly
bi-weekly
monthly
annual

58.11
4,649
10,072
120,864

61.01
4,881
10,576
126,909

64.07
5,125
11,105
133,257

67.27
5,382
11,660
139,922

70.63
5,651
12,243
146,919

74.17
5,933
12,856
154,267

77.88
6,230
13,499
161,983

POLICE BUDGET AND FINANCE SPECIALIST

NON

92

hourly
bi-weekly
monthly
annual

40.18
3,214
6,964
83,570

42.19
3,375
7,313
87,750

44.30
3,544
7,678
92,140

46.51
3,721
8,062
96,749

48.84
3,907
8,466
101,588

51.28
4,103
8,889
106,670

53.85
4,308
9,334
112,006

Page 13 of 21

EFFECTIVE: 7/12/2026
REVISED: 7/22/2026

CITY OF ELK GROVE - SALARY SCHEDULE
ALL CLASSES
CLASSIFICATION
POLICE EQUIPMENT AND SUPPLY TECHNICIAN

UNIT
NON

GRADE
R45

hourly
bi-weekly
monthly
annual

STEP 1
25.01
2,001
4,336
52,031

STEP 2
26.27
2,101
4,553
54,635

STEP 3
27.58
2,206
4,781
57,367

STEP 4
28.96
2,317
5,020
60,238

STEP 5
30.41
2,433
5,271
63,253

STEP 6
31.93
2,554
5,535
66,416

STEP 7
33.53
2,682
5,812
69,740

POLICE OFFICER

POA

PI

hourly
bi-weekly
monthly
annual

44.30
3,544
7,678
92,139

46.51
3,721
8,062
96,747

48.84
3,907
8,465
101,583

51.28
4,102
8,889
106,662

53.84
4,307
9,333
111,994

56.54
4,523
9,800
117,595

59.36
4,749
10,290
123,474

POLICE RECRUIT

NON

75

hourly
bi-weekly
monthly
annual

33.91
2,713
5,878
70,531

35.61
2,848
6,172
74,059

37.39
2,991
6,480
77,763

39.26
3,141
6,805
81,655

41.22
3,298
7,145
85,739

43.28
3,463
7,502
90,028

45.45
3,636
7,878
94,532

POLICE RECORDS MANAGER

NON

104

hourly
bi-weekly
monthly
annual

45.29
3,623
7,850
94,196

47.55
3,804
8,242
98,908

49.93
3,995
8,655
103,857

52.43
4,194
9,088
109,050

55.05
4,404
9,542
114,506

57.80
4,624
10,020
120,234

60.70
4,856
10,521
126,247

POLICE RECORDS SUPERVISOR

NON

R68

hourly
bi-weekly
monthly
annual

31.47
2,518
5,456
65,466

33.05
2,644
5,728
68,741

34.70
2,776
6,015
72,181

36.44
2,915
6,316
75,793

38.26
3,061
6,632
79,584

40.18
3,214
6,964
83,565

42.19
3,375
7,312
87,746

POLICE RECORDS TECHNICIAN I

NON

R43

hourly
bi-weekly
monthly
annual

24.52
1,962
4,250
51,002

25.75
2,060
4,463
53,554

27.04
2,163
4,686
56,233

28.39
2,271
4,921
59,046

29.81
2,385
5,167
62,001

31.30
2,504
5,425
65,102

32.87
2,629
5,697
68,360

POLICE RECORDS TECHNICIAN II

NON

R53

hourly
bi-weekly
monthly
annual

27.10
2,168
4,697
56,359

28.45
2,276
4,932
59,180

29.88
2,390
5,178
62,141

31.37
2,510
5,437
65,249

32.94
2,635
5,710
68,514

34.59
2,767
5,995
71,942

36.32
2,905
6,295
75,542

POLICE SERGEANT

POA

PJ

hourly
bi-weekly
monthly
annual

55.12
4,410
9,554
114,650

57.88
4,630
10,032
120,382

60.77
4,862
10,533
126,400

63.81
5,105
11,060
132,720

67.00
5,360
11,613
139,357

70.35
5,628
12,194
146,325

73.87
5,909
12,804
153,642

PI

hourly

48.84

85

hourly
bi-weekly
monthly
annual

37.47
2,997
6,494
77,932

39.34
3,147
6,819
81,831

41.31
3,305
7,160
85,924

43.38
3,470
7,519
90,222

45.55
3,644
7,895
94,736

47.82
3,826
8,290
99,475

50.22
4,017
8,704
104,452

POLICE SERVICES TECHNICIAN (BACKGROUND INVESTIGATOR)
POLICE VOLUNTEER COORDINATOR

NON

Page 14 of 21

EFFECTIVE: 7/12/2026
REVISED: 7/22/2026

CITY OF ELK GROVE - SALARY SCHEDULE
ALL CLASSES
CLASSIFICATION
PROJECT MANAGER

UNIT
NON

GRADE
114

hourly
bi-weekly
monthly
annual

STEP 1
50.04
4,003
8,673
104,075

STEP 2
52.54
4,203
9,107
109,280

STEP 3
55.17
4,413
9,562
114,747

STEP 4
57.93
4,634
10,041
120,486

STEP 5
60.82
4,866
10,543
126,513

STEP 6
63.87
5,109
11,070
132,842

STEP 7
67.06
5,365
11,624
139,485

PROPERTY AND EVIDENCE MANAGER

NON

R99

hourly
bi-weekly
monthly
annual

42.89
3,431
7,433
89,201

45.03
3,602
7,805
93,663

47.28
3,783
8,196
98,348

49.65
3,972
8,606
103,267

52.13
4,171
9,036
108,434

54.74
4,379
9,488
113,857

57.48
4,598
9,963
119,552

PROPERTY AND EVIDENCE TECHNICIAN I

NON

R57

hourly
bi-weekly
monthly
annual

28.20
2,256
4,888
58,657

29.61
2,369
5,133
61,592

31.09
2,487
5,389
64,673

32.65
2,612
5,659
67,909

34.28
2,743
5,942
71,307

36.00
2,880
6,240
74,874

37.80
3,024
6,552
78,619

PROPERTY AND EVIDENCE TECHNICIAN II

NON

R67

hourly
bi-weekly
monthly
annual

31.16
2,493
5,401
64,816

32.72
2,618
5,672
68,059

34.36
2,749
5,955
71,464

36.08
2,886
6,253
75,040

37.88
3,031
6,566
78,793

39.78
3,182
6,895
82,736

41.77
3,341
7,240
86,875

PUBLIC AFFAIRS AND COMMUNICATIONS MANAGER

NON

132

hourly
bi-weekly
monthly
annual

59.87
4,790
10,378
124,533

62.87
5,029
10,897
130,761

66.01
5,281
11,442
137,302

69.31
5,545
12,014
144,169

72.78
5,822
12,615
151,380

76.42
6,114
13,246
158,951

80.24
6,419
13,908
166,900

PUBLIC SAFETY COMMUNICATIONS MANAGER

NON

124

hourly
bi-weekly
monthly
annual

55.28
4,423
9,582
114,987

58.05
4,644
10,062
120,738

60.95
4,876
10,565
126,778

64.00
5,120
11,093
133,119

67.20
5,376
11,648
139,776

70.56
5,645
12,231
146,768

74.09
5,927
12,842
154,107

PUBLIC WORKS DIRECTOR

NON

174

hourly
bi-weekly
monthly
annual

90.99
7,279
15,771
189,253

95.54
7,643
16,560
198,718

100.32
8,025
17,388
208,658

105.33
8,427
18,258
219,091

110.60
8,848
19,171
230,049

116.13
9,291
20,129
241,553

121.94
9,755
21,136
253,633

PUBLIC WORKS INSPECTOR I

NON

78

hourly
bi-weekly
monthly
annual

34.94
2,795
6,056
72,673

36.69
2,935
6,359
76,310

38.52
3,082
6,677
80,127

40.45
3,236
7,011
84,137

42.47
3,398
7,362
88,345

44.60
3,568
7,730
92,764

46.83
3,746
8,117
97,404

PUBLIC WORKS INSPECTOR II

NON

88

hourly
bi-weekly
monthly
annual

38.61
3,088
6,692
80,300

40.54
3,243
7,027
84,318

42.56
3,405
7,378
88,535

44.69
3,576
7,747
92,964

46.93
3,754
8,135
97,614

49.28
3,942
8,541
102,497

51.74
4,139
8,969
107,625

Page 15 of 21

EFFECTIVE: 7/12/2026
REVISED: 7/22/2026

CITY OF ELK GROVE - SALARY SCHEDULE
ALL CLASSES
CLASSIFICATION
PURCHASING PROGRAM MANAGER

UNIT
NON

GRADE
129

hourly
bi-weekly
monthly
annual

STEP 1
58.11
4,649
10,072
120,864

STEP 2
61.01
4,881
10,576
126,909

STEP 3
64.07
5,125
11,105
133,257

STEP 4
67.27
5,382
11,660
139,922

STEP 5
70.63
5,651
12,243
146,919

STEP 6
74.17
5,933
12,856
154,267

STEP 7
77.88
6,230
13,499
161,983

PURCHASING SPECIALIST

NON

71

hourly
bi-weekly
monthly
annual

32.58
2,607
5,647
67,769

34.21
2,737
5,930
71,159

35.92
2,874
6,227
74,719

37.72
3,018
6,538
78,457

39.61
3,169
6,865
82,383

41.59
3,327
7,209
86,505

43.67
3,494
7,569
90,832

REAL ESTATE PROGRAM MANAGER

NON

123

hourly
bi-weekly
monthly
annual

54.73
4,379
9,487
113,846

57.47
4,598
9,962
119,540

60.35
4,828
10,460
125,520

63.36
5,069
10,983
131,797

66.53
5,323
11,533
138,390

69.86
5,589
12,109
145,312

73.36
5,868
12,715
152,579

REAL-TIME INFORMATION CENTER ANALYST I

NON

92

hourly
bi-weekly
monthly
annual

40.18
3,214
6,964
83,570

42.19
3,375
7,313
87,750

44.30
3,544
7,678
92,140

46.51
3,721
8,062
96,749

48.84
3,907
8,466
101,588

51.28
4,103
8,889
106,670

53.85
4,308
9,334
112,006

REAL-TIME INFORMATION CENTER ANALYST II

NON

102

hourly
bi-weekly
monthly
annual

44.39
3,551
7,695
92,336

46.61
3,729
8,080
96,954

48.94
3,916
8,484
101,804

51.39
4,111
8,908
106,898

53.96
4,317
9,354
112,244

56.66
4,533
9,822
117,858

59.50
4,760
10,313
123,753

REAL-TIME INFORMATION CENTER MANAGER

NON

124

hourly
bi-weekly
monthly
annual

55.28
4,423
9,582
114,987

58.05
4,644
10,062
120,738

60.95
4,876
10,565
126,778

64.00
5,120
11,093
133,119

67.20
5,376
11,648
139,776

70.56
5,645
12,231
146,768

74.09
5,927
12,842
154,107

REAL-TIME INFORMATION CENTER OPERATOR

NON

61

hourly
bi-weekly
monthly
annual

29.49
2,359
5,111
61,329

30.96
2,477
5,366
64,397

32.51
2,601
5,635
67,619

34.14
2,731
5,917
71,004

35.84
2,868
6,213
74,555

37.64
3,011
6,524
78,286

39.52
3,162
6,850
82,201

REAL-TIME INFORMATION CENTER SPECIALIST

NON

81

hourly
bi-weekly
monthly
annual

36.00
2,880
6,240
74,884

37.80
3,024
6,552
78,628

39.69
3,175
6,880
82,562

41.68
3,334
7,224
86,693

43.76
3,501
7,586
91,030

45.95
3,676
7,965
95,583

48.25
3,860
8,364
100,364

Page 16 of 21

EFFECTIVE: 7/12/2026
REVISED: 7/22/2026

CITY OF ELK GROVE - SALARY SCHEDULE
ALL CLASSES
CLASSIFICATION
REAL-TIME INFORMATION CENTER SUPERVISOR

UNIT
NON

GRADE
112

hourly
bi-weekly
monthly
annual

STEP 1
49.05
3,924
8,502
102,020

STEP 2
51.50
4,120
8,927
107,123

STEP 3
54.08
4,326
9,374
112,482

STEP 4
56.78
4,543
9,842
118,108

STEP 5
59.62
4,770
10,335
124,015

STEP 6
62.60
5,008
10,852
130,218

STEP 7
65.74
5,259
11,394
136,731

RECEPTIONIST

NON

32

hourly
bi-weekly
monthly
annual

22.07
1,765
3,825
45,901

23.17
1,854
4,017
48,198

24.33
1,947
4,218
50,610

25.55
2,044
4,429
53,143

26.83
2,146
4,650
55,803

28.17
2,254
4,883
58,594

29.58
2,366
5,127
61,526

RECYCLING AND WASTE MANAGER

NON

132

hourly
bi-weekly
monthly
annual

59.87
4,790
10,378
124,533

62.87
5,029
10,897
130,761

66.01
5,281
11,442
137,302

69.31
5,545
12,014
144,169

72.78
5,822
12,615
151,380

76.42
6,114
13,246
158,951

80.24
6,419
13,908
166,900

RECYCLING AND WASTE SPECIALIST

NON

85

hourly
bi-weekly
monthly
annual

37.47
2,997
6,494
77,932

39.34
3,147
6,819
81,831

41.31
3,305
7,160
85,924

43.38
3,470
7,519
90,222

45.55
3,644
7,895
94,736

47.82
3,826
8,290
99,475

50.22
4,017
8,704
104,452

RED LIGHT ENFORCEMENT TECHNICIAN

NON

R43

hourly
bi-weekly
monthly
annual

24.52
1,962
4,250
51,002

25.75
2,060
4,463
53,554

27.04
2,163
4,686
56,233

28.39
2,271
4,921
59,046

29.81
2,385
5,167
62,001

31.30
2,504
5,425
65,102

32.87
2,629
5,697
68,360

REGISTERED VETERINARY TECHNICIAN

NON

61

hourly
bi-weekly
monthly
annual

29.49
2,359
5,111
61,329

30.96
2,477
5,366
64,397

32.51
2,601
5,635
67,619

34.14
2,731
5,917
71,004

35.84
2,868
6,213
74,555

37.64
3,011
6,524
78,286

39.52
3,162
6,850
82,201

RISK MANAGEMENT SPECIALIST I

NON

63

hourly
bi-weekly
monthly
annual

30.08
2,406
5,214
62,567

31.59
2,527
5,475
65,697

33.17
2,653
5,749
68,985

34.82
2,786
6,036
72,435

36.57
2,925
6,338
76,060

38.40
3,072
6,655
79,864

40.32
3,225
6,988
83,860

RISK MANAGEMENT SPECIALIST II

NON

73

hourly
bi-weekly
monthly
annual

33.24
2,659
5,761
69,136

34.90
2,792
6,050
72,594

36.65
2,932
6,352
76,226

38.48
3,078
6,670
80,040

40.41
3,233
7,004
84,045

42.43
3,394
7,354
88,248

44.55
3,564
7,722
92,663

RISK PROGRAM MANAGER

NON

136

hourly
bi-weekly
monthly
annual

62.31
4,985
10,800
129,598

65.42
5,234
11,340
136,080

68.70
5,496
11,907
142,886

72.13
5,771
12,503
150,033

75.74
6,059
13,128
157,537

79.53
6,362
13,785
165,415

83.50
6,680
14,474
173,688

Page 17 of 21

EFFECTIVE: 7/12/2026
REVISED: 7/22/2026

CITY OF ELK GROVE - SALARY SCHEDULE
ALL CLASSES
CLASSIFICATION
SR. ACCOUNTANT

UNIT
NON

GRADE
106

hourly
bi-weekly
monthly
annual

STEP 1
46.20
3,696
8,008
96,094

STEP 2
48.51
3,881
8,408
100,901

STEP 3
50.94
4,075
8,829
105,949

STEP 4
53.48
4,279
9,271
111,247

STEP 5
56.16
4,493
9,734
116,813

STEP 6
58.97
4,718
10,221
122,655

STEP 7
61.92
4,953
10,733
128,790

SR. ACCOUNTING TECHNICIAN

NON

76

hourly
bi-weekly
monthly
annual

34.25
2,740
5,936
71,237

35.96
2,877
6,234
74,802

37.76
3,021
6,545
78,544

39.65
3,172
6,873
82,472

41.63
3,331
7,217
86,599

43.72
3,497
7,578
90,930

45.90
3,672
7,957
95,480

SR. ADMINISTRATIVE ASSISTANT

NON

75

hourly
bi-weekly
monthly
annual

33.91
2,713
5,878
70,531

35.61
2,848
6,172
74,059

37.39
2,991
6,480
77,763

39.26
3,141
6,805
81,655

41.22
3,298
7,145
85,739

43.28
3,463
7,502
90,028

45.45
3,636
7,878
94,532

SR. ANIMAL CARE TECHNICIAN

NON

53

hourly
bi-weekly
monthly
annual

27.22
2,178
4,718
56,620

28.58
2,287
4,954
59,453

30.01
2,401
5,202
62,428

31.52
2,521
5,463
65,552

33.09
2,647
5,736
68,831

34.75
2,780
6,023
72,275

36.49
2,919
6,324
75,891

SR. ANIMAL SERVICES OFFICER

POA

PC

hourly
bi-weekly
monthly
annual

30.36
2,429
5,262
63,147

31.88
2,550
5,525
66,304

33.47
2,678
5,802
69,620

35.14
2,811
6,092
73,098

36.90
2,952
6,396
76,754

38.75
3,100
6,716
80,592

40.68
3,255
7,052
84,622

SR. CIVIL ENGINEER

NON

134

hourly
bi-weekly
monthly
annual

61.08
4,886
10,587
127,040

64.13
5,131
11,116
133,394

67.34
5,387
11,672
140,066

70.71
5,657
12,256
147,071

74.24
5,940
12,869
154,428

77.96
6,237
13,513
162,151

81.86
6,548
14,188
170,260

SR. CODE ENFORCEMENT OFFICER

NON

93

hourly
bi-weekly
monthly
annual

40.58
3,247
7,034
84,409

42.61
3,409
7,386
88,631

44.74
3,579
7,755
93,063

46.98
3,758
8,143
97,719

49.33
3,946
8,551
102,607

51.80
4,144
8,978
107,740

54.39
4,351
9,427
113,129

SR. CUSTOMER SERVICE REPRESENTATIVE

NON

62

hourly
bi-weekly
monthly
annual

29.78
2,382
5,162
61,944

31.27
2,502
5,420
65,045

32.84
2,627
5,692
68,298

34.48
2,758
5,976
71,716

36.20
2,896
6,275
75,304

38.01
3,041
6,589
79,071

39.92
3,193
6,919
83,026

SR. DEPUTY CITY ATTORNEY

NON

162

hourly
bi-weekly
monthly
annual

80.73
6,459
13,994
167,928

84.77
6,782
14,694
176,326

89.01
7,121
15,429
185,145

93.46
7,477
16,201
194,406

98.14
7,851
17,011
204,127

103.05
8,244
17,861
214,336

108.20
8,656
18,755
225,055

Page 18 of 21

EFFECTIVE: 7/12/2026
REVISED: 7/22/2026

CITY OF ELK GROVE - SALARY SCHEDULE
ALL CLASSES
CLASSIFICATION
SR. ECONOMIC DEVELOPMENT ANALYST

UNIT
NON

GRADE
117

hourly
bi-weekly
monthly
annual

STEP 1
51.56
4,124
8,936
107,235

STEP 2
54.13
4,331
9,383
112,599

STEP 3
56.84
4,547
9,853
118,231

STEP 4
59.69
4,775
10,346
124,146

STEP 5
62.67
5,014
10,863
130,355

STEP 6
65.80
5,264
11,406
136,873

STEP 7
69.10
5,528
11,977
143,720

SR. ENGINEERING TECHNICIAN

NON

R94

hourly
bi-weekly
monthly
annual

40.71
3,257
7,057
84,683

42.75
3,420
7,410
88,919

44.89
3,591
7,781
93,367

47.13
3,771
8,170
98,038

49.49
3,959
8,579
102,942

51.97
4,157
9,008
108,092

54.57
4,365
9,458
113,498

SR. FINANCE AND BUDGET ANALYST

NON

117

hourly
bi-weekly
monthly
annual

51.56
4,124
8,936
107,235

54.13
4,331
9,383
112,599

56.84
4,547
9,853
118,231

59.69
4,775
10,346
124,146

62.67
5,014
10,863
130,355

65.80
5,264
11,406
136,873

69.10
5,528
11,977
143,720

SR. GIS ANALYST

NON

110

hourly
bi-weekly
monthly
annual

48.08
3,846
8,334
100,006

50.48
4,039
8,751
105,008

53.01
4,241
9,188
110,260

55.66
4,453
9,648
115,775

58.45
4,676
10,131
121,566

61.37
4,910
10,637
127,647

64.44
5,155
11,169
134,031

SR. HUMAN RESOURCES ANALYST

NON

117

hourly
bi-weekly
monthly
annual

51.56
4,124
8,936
107,235

54.13
4,331
9,383
112,599

56.84
4,547
9,853
118,231

59.69
4,775
10,346
124,146

62.67
5,014
10,863
130,355

65.80
5,264
11,406
136,873

69.10
5,528
11,977
143,720

SR. INFORMATION SECURITY ENGINEER

NON

128

hourly
bi-weekly
monthly
annual

57.53
4,602
9,972
119,664

60.41
4,833
10,471
125,649

63.43
5,074
10,995
131,935

66.60
5,328
11,544
138,533

69.93
5,595
12,122
145,463

73.43
5,875
12,728
152,738

77.10
6,168
13,365
160,377

SR. INFORMATION TECHNOLOGY ANALYST

NON

112

hourly
bi-weekly
monthly
annual

49.05
3,924
8,502
102,020

51.50
4,120
8,927
107,123

54.08
4,326
9,374
112,482

56.78
4,543
9,842
118,108

59.62
4,770
10,335
124,015

62.60
5,008
10,852
130,218

65.74
5,259
11,394
136,731

SR. MAINTENANCE TECHNICIAN

NON

77

hourly
bi-weekly
monthly
annual

34.59
2,767
5,996
71,952

36.32
2,906
6,296
75,551

38.14
3,051
6,611
79,332

40.05
3,204
6,942
83,299

42.05
3,364
7,289
87,467

44.16
3,532
7,654
91,843

46.36
3,709
8,036
96,437

SR. MANAGEMENT ANALYST

NON

117

hourly
bi-weekly
monthly
annual

51.56
4,124
8,936
107,235

54.13
4,331
9,383
112,599

56.84
4,547
9,853
118,231

59.69
4,775
10,346
124,146

62.67
5,014
10,863
130,355

65.80
5,264
11,406
136,873

69.10
5,528
11,977
143,720

Page 19 of 21

EFFECTIVE: 7/12/2026
REVISED: 7/22/2026

CITY OF ELK GROVE - SALARY SCHEDULE
ALL CLASSES
CLASSIFICATION
SR. MULTIMEDIA SPECIALIST

UNIT
NON

GRADE
107

hourly
bi-weekly
monthly
annual

STEP 1
46.66
3,733
8,088
97,059

STEP 2
49.00
3,920
8,493
101,913

STEP 3
51.45
4,116
8,918
107,011

STEP 4
54.02
4,322
9,364
112,363

STEP 5
56.72
4,538
9,832
117,983

STEP 6
59.56
4,765
10,324
123,884

STEP 7
62.54
5,003
10,840
130,081

SR. PLANNER

NON

112

hourly
bi-weekly
monthly
annual

49.05
3,924
8,502
102,020

51.50
4,120
8,927
107,123

54.08
4,326
9,374
112,482

56.78
4,543
9,842
118,108

59.62
4,770
10,335
124,015

62.60
5,008
10,852
130,218

65.74
5,259
11,394
136,731

STREET MAINTENANCE SUPERVISOR

NON

103

hourly
bi-weekly
monthly
annual

44.84
3,587
7,772
93,261

47.08
3,766
8,161
97,927

49.44
3,955
8,569
102,826

51.91
4,153
8,997
107,969

54.50
4,360
9,447
113,369

57.23
4,578
9,920
119,040

60.09
4,807
10,416
124,994

STREET SWEEPER OPERATOR

NON

73

hourly
bi-weekly
monthly
annual

33.24
2,659
5,761
69,136

34.90
2,792
6,050
72,594

36.65
2,932
6,352
76,226

38.48
3,078
6,670
80,040

40.41
3,233
7,004
84,045

42.43
3,394
7,354
88,248

44.55
3,564
7,722
92,663

SUPERVISING CONSTRUCTION INSPECTOR

NON

102

hourly
bi-weekly
monthly
annual

44.39
3,551
7,695
92,336

46.61
3,729
8,080
96,954

48.94
3,916
8,484
101,804

51.39
4,111
8,908
106,898

53.96
4,317
9,354
112,244

56.66
4,533
9,822
117,858

59.50
4,760
10,313
123,753

SUPERVISING FORENSIC INVESTIGATOR

POA

PR

hourly
bi-weekly
monthly
annual

47.78
3,823
8,283
99,391

50.17
4,014
8,697
104,360

52.68
4,215
9,132
109,578

55.31
4,425
9,588
115,055

58.08
4,647
10,067
120,809

60.99
4,879
10,571
126,849

64.03
5,123
11,099
133,191

SUSTAINABILITY PROGRAM MANAGER

NON

122

hourly
bi-weekly
monthly
annual

54.19
4,335
9,393
112,717

56.90
4,552
9,863
118,355

59.75
4,780
10,356
124,275

62.74
5,019
10,874
130,490

65.87
5,270
11,418
137,018

69.17
5,534
11,989
143,871

72.63
5,810
12,589
151,066

10

hourly

17.71

18.59

19.53

20.50

21.53

22.61

23.74

STUDENT INTERN
TRAFFIC CONTROL AND STREET LIGHTING SUPERVISOR

NON

106

hourly
bi-weekly
monthly
annual

46.20
3,696
8,008
96,094

48.51
3,881
8,408
100,901

50.94
4,075
8,829
105,949

53.48
4,279
9,271
111,247

56.16
4,493
9,734
116,813

58.97
4,718
10,221
122,655

61.92
4,953
10,733
128,790

TRAFFIC SIGNAL TECHNICIAN I

NON

81

hourly
bi-weekly
monthly
annual

36.00
2,880
6,240
74,884

37.80
3,024
6,552
78,628

39.69
3,175
6,880
82,562

41.68
3,334
7,224
86,693

43.76
3,501
7,586
91,030

45.95
3,676
7,965
95,583

48.25
3,860
8,364
100,364

Page 20 of 21

EFFECTIVE: 7/12/2026
REVISED: 7/22/2026

CITY OF ELK GROVE - SALARY SCHEDULE
ALL CLASSES
CLASSIFICATION

UNIT

GRADE

STEP 1

STEP 2

STEP 3

STEP 4

STEP 5

STEP 6

STEP 7

TRAFFIC SIGNAL TECHNICIAN II

NON

91

hourly
bi-weekly
monthly
annual

39.78
3,182
6,895
82,740

41.77
3,341
7,240
86,878

43.86
3,509
7,602
91,225

46.05
3,684
7,983
95,790

48.36
3,868
8,382
100,580

50.77
4,062
8,801
105,611

53.31
4,265
9,241
110,895

TRANSPORTATION PLANNING PROGRAM MANAGER

NON

122

hourly
bi-weekly
monthly
annual

54.19
4,335
9,393
112,717

56.90
4,552
9,863
118,355

59.75
4,780
10,356
124,275

62.74
5,019
10,874
130,490

65.87
5,270
11,418
137,018

69.17
5,534
11,989
143,871

72.63
5,810
12,589
151,066

TREE AND OPEN SPACE COORDINATOR

NON

97

hourly
bi-weekly
monthly
annual

42.23
3,379
7,320
87,844

44.35
3,548
7,687
92,238

46.56
3,725
8,071
96,853

48.89
3,911
8,475
101,698

51.34
4,107
8,899
106,785

53.91
4,313
9,344
112,126

56.60
4,528
9,811
117,734

UTILITIES LOCATOR

NON

82

hourly
bi-weekly
monthly
annual

36.36
2,909
6,303
75,634

38.18
3,055
6,618
79,418

40.09
3,207
6,949
83,390

42.10
3,368
7,297
87,563

44.20
3,536
7,662
91,943

46.41
3,713
8,045
96,541

48.74
3,899
8,448
101,370

VETERINARIAN

NON

145

hourly
bi-weekly
monthly
annual

68.15
5,452
11,813
141,759

71.56
5,725
12,404
148,850

75.14
6,011
13,025
156,296

78.90
6,312
13,676
164,112

82.85
6,628
14,360
172,320

86.99
6,959
15,078
180,937

91.34
7,307
15,832
189,987

VETERINARY ASSISTANT

NON

39

hourly
bi-weekly
monthly
annual

23.67
1,893
4,102
49,228

24.85
1,988
4,308
51,690

26.10
2,088
4,523
54,278

27.40
2,192
4,750
56,994

28.77
2,302
4,987
59,846

30.21
2,417
5,237
62,842

31.72
2,538
5,499
65,985

VICTIM/WITNESS ADVOCATE

NON

66

hourly
bi-weekly
monthly
annual

31.00
2,480
5,373
64,470

32.55
2,604
5,641
67,695

34.17
2,734
5,924
71,082

35.88
2,871
6,220
74,637

37.68
3,014
6,531
78,372

39.56
3,165
6,858
82,293

41.54
3,323
7,201
86,410

WASTE PROGRAM COORDINATOR

NON

95

hourly
bi-weekly
monthly
annual

41.40
3,312
7,176
86,108

43.47
3,478
7,535
90,416

45.64
3,652
7,912
94,939

47.93
3,834
8,308
99,690

50.32
4,026
8,723
104,675

52.84
4,227
9,159
109,910

55.48
4,439
9,617
115,408

Page 21 of 21
