1

YEAR 4 - Two step movements in September 2025
2025-26
Salary Guide
Step
0.0
1.0
2.0
3.0
4.0
5.0
6.0
7.0
8.0
9.0
10.0
11.0
12.0
13.0
14.0
15.0
16.0

East Orange EA Teachers

BA
60,500
61,000
61,200
61,475
61,725
62,225
62,725
63,825
65,025
66,750
70,350
74,050
79,450
85,850
92,250
99,350

MA
65,800
66,300
66,500
66,975
67,425
68,125
68,725
69,875
70,375
73,600
76,500
80,900
86,200
94,155
100,555
106,064

MA+15
67,200
67,700
67,900
68,375
68,825
69,525
70,125
71,275
71,875
75,100
78,000
81,900
88,700
95,155
101,555
107,646

MA+32
74,100
74,600
74,800
75,275
75,725
76,425
77,025
78,175
78,975
80,700
85,100
87,900
94,200
102,655
109,055
113,909

DOC
75,350
75,850
76,050
76,525
76,975
77,675
78,275
79,425
80,225
81,950
86,350
89,150
95,450
103,905
110,305
115,159

YEAR 4 - Two step movements in September 2025
2025-26
Salary Guide
Step
0.0
1.0
2.0
3.0
4.0
5.0
6.0
7.0
8.0
9.0
10.0
11.0
12.0
13.0
14.0
15.0
16.0

NJEA Research: MK

East Orange EA Teachers

BA
60,500
61,000
61,200
61,475
61,725
62,225
62,725
63,825
65,025
66,750
70,350
74,050
79,450
85,850
92,250
99,350

MA
65,800
66,300
66,500
66,975
67,425
68,125
68,725
69,875
70,375
73,600
76,500
80,900
86,200
94,155
100,555
106,064

MA+15
67,200
67,700
67,900
68,375
68,825
69,525
70,125
71,275
71,875
75,100
78,000
81,900
88,700
95,155
101,555
107,646

MOA Print Version May 05

MA+32
74,100
74,600
74,800
75,275
75,725
76,425
77,025
78,175
78,975
80,700
85,100
87,900
94,200
102,655
109,055
113,909

DOC
75,350
75,850
76,050
76,525
76,975
77,675
78,275
79,425
80,225
81,950
86,350
89,150
95,450
103,905
110,305
115,159

East Orange 2022-27 MOA May 05.xlsm
