hex_cell_id,geography_panel,mechanism_view_name,side_view,implementation_event_count,root_compensation_event_count,scale_group,shared_grid
ALASKA_INSET-cog_2025_160773,alaska_inset,institutional_channel:none_identified,safety,1,2,institutional_channel:none_identified,EPSG:5070_50km_fixed
ALASKA_INSET-cog_2025_160773,alaska_inset,compensation_outcome:stipend_or_premium,safety,1,1,compensation_outcome:stipend_or_premium,EPSG:5070_50km_fixed
ALASKA_INSET-cog_2025_160773,alaska_inset,timing_implementation:recurring,safety,1,1,timing_implementation:recurring,EPSG:5070_50km_fixed
ALASKA_INSET-cog_2025_160773,alaska_inset,pressure_channel:none_identified,safety,1,2,pressure_channel:none_identified,EPSG:5070_50km_fixed
ALASKA_INSET-cog_2025_160773,alaska_inset,compensation_outcome:retroactive_pay,safety,1,1,compensation_outcome:retroactive_pay,EPSG:5070_50km_fixed
ALASKA_INSET-cog_2025_160773,alaska_inset,timing_implementation:payroll_effective_date,safety,1,1,timing_implementation:payroll_effective_date,EPSG:5070_50km_fixed
ALASKA_INSET-cog_2025_160773,alaska_inset,timing_implementation:retroactive,safety,1,1,timing_implementation:retroactive,EPSG:5070_50km_fixed
CONUS50-+00004-+00013,lower_48,institutional_channel:none_identified,safety,1,1,institutional_channel:none_identified,EPSG:5070_50km_fixed
CONUS50-+00004-+00013,lower_48,compensation_outcome:retroactive_pay,safety,2,2,compensation_outcome:retroactive_pay,EPSG:5070_50km_fixed
CONUS50-+00004-+00013,lower_48,timing_implementation:payroll_effective_date,safety,2,2,timing_implementation:payroll_effective_date,EPSG:5070_50km_fixed
CONUS50-+00004-+00013,lower_48,timing_implementation:retroactive,safety,2,2,timing_implementation:retroactive,EPSG:5070_50km_fixed
CONUS50-+00004-+00013,lower_48,pressure_channel:none_identified,safety,2,2,pressure_channel:none_identified,EPSG:5070_50km_fixed
CONUS50-+00004-+00013,lower_48,institutional_channel:ordinance_council_adoption,safety,1,1,institutional_channel:ordinance_council_adoption,EPSG:5070_50km_fixed
CONUS50-+00004-+00013,lower_48,timing_implementation:ordinance_adoption,safety,1,1,timing_implementation:ordinance_adoption,EPSG:5070_50km_fixed
CONUS50-+00005-+00013,lower_48,institutional_channel:none_identified,safety,2,2,institutional_channel:none_identified,EPSG:5070_50km_fixed
CONUS50-+00005-+00013,lower_48,compensation_outcome:retroactive_pay,safety,3,3,compensation_outcome:retroactive_pay,EPSG:5070_50km_fixed
CONUS50-+00005-+00013,lower_48,timing_implementation:one_time,safety,2,2,timing_implementation:one_time,EPSG:5070_50km_fixed
CONUS50-+00005-+00013,lower_48,timing_implementation:retroactive,safety,3,3,timing_implementation:retroactive,EPSG:5070_50km_fixed
CONUS50-+00005-+00013,lower_48,pressure_channel:none_identified,safety,3,3,pressure_channel:none_identified,EPSG:5070_50km_fixed
CONUS50-+00005-+00013,lower_48,institutional_channel:ordinance_council_adoption,safety,1,1,institutional_channel:ordinance_council_adoption,EPSG:5070_50km_fixed
CONUS50-+00005-+00013,lower_48,timing_implementation:ordinance_adoption,safety,1,1,timing_implementation:ordinance_adoption,EPSG:5070_50km_fixed
CONUS50-+00005-+00013,lower_48,timing_implementation:payroll_effective_date,safety,1,1,timing_implementation:payroll_effective_date,EPSG:5070_50km_fixed
CONUS50--00030-+00036,lower_48,institutional_channel:none_identified,safety,9,11,institutional_channel:none_identified,EPSG:5070_50km_fixed
CONUS50--00030-+00036,lower_48,compensation_outcome:base_wage_change,safety,1,1,compensation_outcome:base_wage_change,EPSG:5070_50km_fixed
CONUS50--00030-+00036,lower_48,compensation_outcome:retroactive_pay,safety,8,8,compensation_outcome:retroactive_pay,EPSG:5070_50km_fixed
CONUS50--00030-+00036,lower_48,timing_implementation:payroll_effective_date,safety,9,11,timing_implementation:payroll_effective_date,EPSG:5070_50km_fixed
CONUS50--00030-+00036,lower_48,timing_implementation:recurring,safety,5,5,timing_implementation:recurring,EPSG:5070_50km_fixed
CONUS50--00030-+00036,lower_48,timing_implementation:retroactive,safety,8,8,timing_implementation:retroactive,EPSG:5070_50km_fixed
CONUS50--00030-+00036,lower_48,pressure_channel:none_identified,safety,9,11,pressure_channel:none_identified,EPSG:5070_50km_fixed
CONUS50--00031-+00038,lower_48,institutional_channel:none_identified,safety,1,1,institutional_channel:none_identified,EPSG:5070_50km_fixed
CONUS50--00031-+00038,lower_48,compensation_outcome:holiday_pay,safety,1,1,compensation_outcome:holiday_pay,EPSG:5070_50km_fixed
CONUS50--00031-+00038,lower_48,compensation_outcome:step_progression,safety,1,1,compensation_outcome:step_progression,EPSG:5070_50km_fixed
CONUS50--00031-+00038,lower_48,timing_implementation:ordinance_adoption,safety,1,1,timing_implementation:ordinance_adoption,EPSG:5070_50km_fixed
CONUS50--00031-+00038,lower_48,timing_implementation:recurring,safety,1,1,timing_implementation:recurring,EPSG:5070_50km_fixed
CONUS50--00031-+00038,lower_48,pressure_channel:market_recruitment_retention,safety,1,1,pressure_channel:market_recruitment_retention,EPSG:5070_50km_fixed
CONUS50--00029-+00036,lower_48,institutional_channel:none_identified,safety,2,3,institutional_channel:none_identified,EPSG:5070_50km_fixed
CONUS50--00029-+00036,lower_48,compensation_outcome:across_the_board_raise,safety,1,1,compensation_outcome:across_the_board_raise,EPSG:5070_50km_fixed
CONUS50--00029-+00036,lower_48,timing_implementation:recurring,safety,1,1,timing_implementation:recurring,EPSG:5070_50km_fixed
CONUS50--00029-+00036,lower_48,pressure_channel:none_identified,safety,2,3,pressure_channel:none_identified,EPSG:5070_50km_fixed
CONUS50--00029-+00036,lower_48,compensation_outcome:retroactive_pay,safety,2,2,compensation_outcome:retroactive_pay,EPSG:5070_50km_fixed
CONUS50--00029-+00036,lower_48,timing_implementation:payroll_effective_date,safety,2,2,timing_implementation:payroll_effective_date,EPSG:5070_50km_fixed
CONUS50--00029-+00036,lower_48,timing_implementation:retroactive,safety,2,2,timing_implementation:retroactive,EPSG:5070_50km_fixed
CONUS50--00029-+00037,lower_48,institutional_channel:none_identified,safety,2,3,institutional_channel:none_identified,EPSG:5070_50km_fixed
CONUS50--00029-+00037,lower_48,compensation_outcome:across_the_board_raise,safety,2,2,compensation_outcome:across_the_board_raise,EPSG:5070_50km_fixed
CONUS50--00029-+00037,lower_48,timing_implementation:payroll_effective_date,safety,2,3,timing_implementation:payroll_effective_date,EPSG:5070_50km_fixed
CONUS50--00029-+00037,lower_48,timing_implementation:recurring,safety,2,2,timing_implementation:recurring,EPSG:5070_50km_fixed
CONUS50--00029-+00037,lower_48,pressure_channel:none_identified,safety,2,3,pressure_channel:none_identified,EPSG:5070_50km_fixed
CONUS50--00029-+00037,lower_48,compensation_outcome:retroactive_pay,safety,1,1,compensation_outcome:retroactive_pay,EPSG:5070_50km_fixed
CONUS50--00029-+00037,lower_48,timing_implementation:retroactive,safety,1,1,timing_implementation:retroactive,EPSG:5070_50km_fixed
CONUS50--00024-+00027,lower_48,institutional_channel:ordinance_council_adoption,safety,1,1,institutional_channel:ordinance_council_adoption,EPSG:5070_50km_fixed
CONUS50--00024-+00027,lower_48,compensation_outcome:retroactive_pay,safety,1,1,compensation_outcome:retroactive_pay,EPSG:5070_50km_fixed
CONUS50--00024-+00027,lower_48,timing_implementation:payroll_effective_date,safety,1,1,timing_implementation:payroll_effective_date,EPSG:5070_50km_fixed
CONUS50--00024-+00027,lower_48,timing_implementation:retroactive,safety,1,1,timing_implementation:retroactive,EPSG:5070_50km_fixed
CONUS50--00024-+00027,lower_48,pressure_channel:none_identified,safety,1,1,pressure_channel:none_identified,EPSG:5070_50km_fixed
CONUS50--00030-+00039,lower_48,institutional_channel:none_identified,safety,2,2,institutional_channel:none_identified,EPSG:5070_50km_fixed
CONUS50--00030-+00039,lower_48,compensation_outcome:base_wage_change,safety,1,1,compensation_outcome:base_wage_change,EPSG:5070_50km_fixed
CONUS50--00030-+00039,lower_48,compensation_outcome:retroactive_pay,safety,2,2,compensation_outcome:retroactive_pay,EPSG:5070_50km_fixed
CONUS50--00030-+00039,lower_48,timing_implementation:payroll_effective_date,safety,2,2,timing_implementation:payroll_effective_date,EPSG:5070_50km_fixed
CONUS50--00030-+00039,lower_48,timing_implementation:recurring,safety,1,1,timing_implementation:recurring,EPSG:5070_50km_fixed
CONUS50--00030-+00039,lower_48,timing_implementation:retroactive,safety,2,2,timing_implementation:retroactive,EPSG:5070_50km_fixed
CONUS50--00030-+00039,lower_48,pressure_channel:none_identified,safety,2,2,pressure_channel:none_identified,EPSG:5070_50km_fixed
CONUS50--00030-+00036,lower_48,compensation_outcome:overtime,safety,1,1,compensation_outcome:overtime,EPSG:5070_50km_fixed
CONUS50--00030-+00036,lower_48,compensation_outcome:across_the_board_raise,safety,3,3,compensation_outcome:across_the_board_raise,EPSG:5070_50km_fixed
CONUS50--00030-+00036,lower_48,timing_implementation:one_time,safety,1,1,timing_implementation:one_time,EPSG:5070_50km_fixed
CONUS50--00012-+00025,lower_48,institutional_channel:none_identified,safety,1,1,institutional_channel:none_identified,EPSG:5070_50km_fixed
CONUS50--00012-+00025,lower_48,compensation_outcome:retroactive_pay,safety,1,1,compensation_outcome:retroactive_pay,EPSG:5070_50km_fixed
CONUS50--00012-+00025,lower_48,timing_implementation:payroll_effective_date,safety,1,1,timing_implementation:payroll_effective_date,EPSG:5070_50km_fixed
CONUS50--00012-+00025,lower_48,timing_implementation:retroactive,safety,1,1,timing_implementation:retroactive,EPSG:5070_50km_fixed
CONUS50--00012-+00025,lower_48,pressure_channel:none_identified,safety,1,1,pressure_channel:none_identified,EPSG:5070_50km_fixed
CONUS50--00014-+00027,lower_48,institutional_channel:none_identified,safety,1,1,institutional_channel:none_identified,EPSG:5070_50km_fixed
CONUS50--00014-+00027,lower_48,compensation_outcome:base_wage_change,safety,1,1,compensation_outcome:base_wage_change,EPSG:5070_50km_fixed
CONUS50--00014-+00027,lower_48,compensation_outcome:retroactive_pay,safety,2,2,compensation_outcome:retroactive_pay,EPSG:5070_50km_fixed
CONUS50--00014-+00027,lower_48,timing_implementation:payroll_effective_date,safety,2,2,timing_implementation:payroll_effective_date,EPSG:5070_50km_fixed
CONUS50--00014-+00027,lower_48,timing_implementation:recurring,safety,1,1,timing_implementation:recurring,EPSG:5070_50km_fixed
CONUS50--00014-+00027,lower_48,timing_implementation:retroactive,safety,2,2,timing_implementation:retroactive,EPSG:5070_50km_fixed
CONUS50--00014-+00027,lower_48,pressure_channel:none_identified,safety,2,2,pressure_channel:none_identified,EPSG:5070_50km_fixed
CONUS50--00014-+00027,lower_48,institutional_channel:ordinance_council_adoption,safety,1,1,institutional_channel:ordinance_council_adoption,EPSG:5070_50km_fixed
CONUS50--00014-+00027,lower_48,timing_implementation:ordinance_adoption,safety,1,1,timing_implementation:ordinance_adoption,EPSG:5070_50km_fixed
CONUS50-+00025-+00014,lower_48,institutional_channel:none_identified,safety,2,2,institutional_channel:none_identified,EPSG:5070_50km_fixed
CONUS50-+00025-+00014,lower_48,compensation_outcome:retroactive_pay,safety,2,2,compensation_outcome:retroactive_pay,EPSG:5070_50km_fixed
CONUS50-+00025-+00014,lower_48,timing_implementation:payroll_effective_date,safety,2,2,timing_implementation:payroll_effective_date,EPSG:5070_50km_fixed
CONUS50-+00025-+00014,lower_48,timing_implementation:retroactive,safety,2,2,timing_implementation:retroactive,EPSG:5070_50km_fixed
CONUS50-+00025-+00014,lower_48,pressure_channel:none_identified,safety,2,2,pressure_channel:none_identified,EPSG:5070_50km_fixed
CONUS50-+00021--00005,lower_48,institutional_channel:none_identified,safety,5,6,institutional_channel:none_identified,EPSG:5070_50km_fixed
CONUS50-+00021--00005,lower_48,compensation_outcome:retroactive_pay,safety,4,4,compensation_outcome:retroactive_pay,EPSG:5070_50km_fixed
CONUS50-+00021--00005,lower_48,timing_implementation:payroll_effective_date,safety,3,5,timing_implementation:payroll_effective_date,EPSG:5070_50km_fixed
CONUS50-+00021--00005,lower_48,timing_implementation:retroactive,safety,4,4,timing_implementation:retroactive,EPSG:5070_50km_fixed
CONUS50-+00021--00005,lower_48,pressure_channel:none_identified,safety,5,7,pressure_channel:none_identified,EPSG:5070_50km_fixed
CONUS50-+00021--00005,lower_48,timing_implementation:one_time,safety,1,1,timing_implementation:one_time,EPSG:5070_50km_fixed
CONUS50-+00021--00005,lower_48,compensation_outcome:across_the_board_raise,safety,3,3,compensation_outcome:across_the_board_raise,EPSG:5070_50km_fixed
CONUS50-+00021--00005,lower_48,timing_implementation:recurring,safety,3,4,timing_implementation:recurring,EPSG:5070_50km_fixed
CONUS50-+00021--00005,lower_48,compensation_outcome:base_wage_change,safety,1,1,compensation_outcome:base_wage_change,EPSG:5070_50km_fixed
CONUS50-+00021--00005,lower_48,institutional_channel:ordinance_council_adoption,safety,1,1,institutional_channel:ordinance_council_adoption,EPSG:5070_50km_fixed
CONUS50-+00021--00005,lower_48,compensation_outcome:step_progression,safety,1,1,compensation_outcome:step_progression,EPSG:5070_50km_fixed
CONUS50-+00019-+00000,lower_48,institutional_channel:none_identified,safety,1,1,institutional_channel:none_identified,EPSG:5070_50km_fixed
CONUS50-+00019-+00000,lower_48,compensation_outcome:non_base_compensation_other,safety,1,1,compensation_outcome:non_base_compensation_other,EPSG:5070_50km_fixed
CONUS50-+00019-+00000,lower_48,timing_implementation:payroll_effective_date,safety,1,1,timing_implementation:payroll_effective_date,EPSG:5070_50km_fixed
CONUS50-+00019-+00000,lower_48,pressure_channel:none_identified,safety,1,1,pressure_channel:none_identified,EPSG:5070_50km_fixed
CONUS50-+00021--00004,lower_48,institutional_channel:none_identified,safety,2,2,institutional_channel:none_identified,EPSG:5070_50km_fixed
CONUS50-+00021--00004,lower_48,compensation_outcome:non_base_compensation_other,safety,1,1,compensation_outcome:non_base_compensation_other,EPSG:5070_50km_fixed
CONUS50-+00021--00004,lower_48,timing_implementation:ordinance_adoption,safety,1,1,timing_implementation:ordinance_adoption,EPSG:5070_50km_fixed
CONUS50-+00021--00004,lower_48,pressure_channel:none_identified,safety,2,2,pressure_channel:none_identified,EPSG:5070_50km_fixed
CONUS50-+00021--00007,lower_48,institutional_channel:none_identified,safety,1,1,institutional_channel:none_identified,EPSG:5070_50km_fixed
CONUS50-+00021--00007,lower_48,compensation_outcome:retroactive_pay,safety,1,1,compensation_outcome:retroactive_pay,EPSG:5070_50km_fixed
CONUS50-+00021--00007,lower_48,timing_implementation:payroll_effective_date,safety,1,1,timing_implementation:payroll_effective_date,EPSG:5070_50km_fixed
CONUS50-+00021--00007,lower_48,timing_implementation:retroactive,safety,1,1,timing_implementation:retroactive,EPSG:5070_50km_fixed
CONUS50-+00021--00007,lower_48,pressure_channel:none_identified,safety,1,1,pressure_channel:none_identified,EPSG:5070_50km_fixed
CONUS50-+00021--00004,lower_48,compensation_outcome:retroactive_pay,safety,1,1,compensation_outcome:retroactive_pay,EPSG:5070_50km_fixed
CONUS50-+00021--00004,lower_48,timing_implementation:payroll_effective_date,safety,1,1,timing_implementation:payroll_effective_date,EPSG:5070_50km_fixed
CONUS50-+00021--00004,lower_48,timing_implementation:retroactive,safety,1,1,timing_implementation:retroactive,EPSG:5070_50km_fixed
CONUS50-+00015-+00005,lower_48,institutional_channel:budget_pay_plan_process,safety,1,1,institutional_channel:budget_pay_plan_process,EPSG:5070_50km_fixed
CONUS50-+00015-+00005,lower_48,compensation_outcome:no_direct_compensation_outcome,safety,1,1,compensation_outcome:no_direct_compensation_outcome,EPSG:5070_50km_fixed
CONUS50-+00015-+00005,lower_48,timing_implementation:payroll_effective_date,safety,1,1,timing_implementation:payroll_effective_date,EPSG:5070_50km_fixed
CONUS50-+00015-+00005,lower_48,pressure_channel:fiscal_constraint,safety,1,1,pressure_channel:fiscal_constraint,EPSG:5070_50km_fixed
CONUS50-+00016-+00006,lower_48,institutional_channel:budget_pay_plan_process,safety,1,2,institutional_channel:budget_pay_plan_process,EPSG:5070_50km_fixed
CONUS50-+00016-+00006,lower_48,compensation_outcome:across_the_board_raise,safety,1,1,compensation_outcome:across_the_board_raise,EPSG:5070_50km_fixed
CONUS50-+00016-+00006,lower_48,timing_implementation:recurring,safety,1,1,timing_implementation:recurring,EPSG:5070_50km_fixed
CONUS50-+00016-+00006,lower_48,pressure_channel:none_identified,safety,1,1,pressure_channel:none_identified,EPSG:5070_50km_fixed
CONUS50-+00016-+00006,lower_48,compensation_outcome:retroactive_pay,safety,1,1,compensation_outcome:retroactive_pay,EPSG:5070_50km_fixed
CONUS50-+00016-+00006,lower_48,timing_implementation:budget_appropriation,safety,1,1,timing_implementation:budget_appropriation,EPSG:5070_50km_fixed
CONUS50-+00016-+00006,lower_48,timing_implementation:payroll_effective_date,safety,1,1,timing_implementation:payroll_effective_date,EPSG:5070_50km_fixed
CONUS50-+00016-+00006,lower_48,timing_implementation:retroactive,safety,1,1,timing_implementation:retroactive,EPSG:5070_50km_fixed
CONUS50-+00016-+00006,lower_48,pressure_channel:fiscal_constraint,safety,1,1,pressure_channel:fiscal_constraint,EPSG:5070_50km_fixed
CONUS50-+00002-+00023,lower_48,institutional_channel:none_identified,safety,2,2,institutional_channel:none_identified,EPSG:5070_50km_fixed
CONUS50-+00002-+00023,lower_48,compensation_outcome:retroactive_pay,safety,2,2,compensation_outcome:retroactive_pay,EPSG:5070_50km_fixed
CONUS50-+00002-+00023,lower_48,timing_implementation:payroll_effective_date,safety,2,2,timing_implementation:payroll_effective_date,EPSG:5070_50km_fixed
CONUS50-+00002-+00023,lower_48,timing_implementation:retroactive,safety,2,2,timing_implementation:retroactive,EPSG:5070_50km_fixed
CONUS50-+00002-+00023,lower_48,pressure_channel:none_identified,safety,2,2,pressure_channel:none_identified,EPSG:5070_50km_fixed
CONUS50-+00002-+00024,lower_48,institutional_channel:none_identified,safety,1,1,institutional_channel:none_identified,EPSG:5070_50km_fixed
CONUS50-+00002-+00024,lower_48,compensation_outcome:base_wage_change,safety,1,1,compensation_outcome:base_wage_change,EPSG:5070_50km_fixed
CONUS50-+00002-+00024,lower_48,compensation_outcome:retroactive_pay,safety,2,2,compensation_outcome:retroactive_pay,EPSG:5070_50km_fixed
CONUS50-+00002-+00024,lower_48,timing_implementation:payroll_effective_date,safety,2,2,timing_implementation:payroll_effective_date,EPSG:5070_50km_fixed
CONUS50-+00002-+00024,lower_48,timing_implementation:recurring,safety,1,1,timing_implementation:recurring,EPSG:5070_50km_fixed
CONUS50-+00002-+00024,lower_48,timing_implementation:retroactive,safety,2,2,timing_implementation:retroactive,EPSG:5070_50km_fixed
CONUS50-+00002-+00024,lower_48,pressure_channel:none_identified,safety,2,2,pressure_channel:none_identified,EPSG:5070_50km_fixed
CONUS50-+00002-+00024,lower_48,institutional_channel:budget_pay_plan_process,safety,1,1,institutional_channel:budget_pay_plan_process,EPSG:5070_50km_fixed
CONUS50-+00002-+00024,lower_48,timing_implementation:budget_appropriation,safety,1,1,timing_implementation:budget_appropriation,EPSG:5070_50km_fixed
CONUS50-+00000-+00025,lower_48,institutional_channel:ordinance_council_adoption,safety,1,1,institutional_channel:ordinance_council_adoption,EPSG:5070_50km_fixed
CONUS50-+00000-+00025,lower_48,compensation_outcome:retroactive_pay,safety,1,1,compensation_outcome:retroactive_pay,EPSG:5070_50km_fixed
CONUS50-+00000-+00025,lower_48,timing_implementation:ordinance_adoption,safety,1,1,timing_implementation:ordinance_adoption,EPSG:5070_50km_fixed
CONUS50-+00000-+00025,lower_48,timing_implementation:payroll_effective_date,safety,1,1,timing_implementation:payroll_effective_date,EPSG:5070_50km_fixed
CONUS50-+00000-+00025,lower_48,timing_implementation:retroactive,safety,1,1,timing_implementation:retroactive,EPSG:5070_50km_fixed
CONUS50-+00000-+00025,lower_48,pressure_channel:none_identified,safety,1,1,pressure_channel:none_identified,EPSG:5070_50km_fixed
CONUS50-+00001-+00024,lower_48,institutional_channel:none_identified,safety,1,1,institutional_channel:none_identified,EPSG:5070_50km_fixed
CONUS50-+00001-+00024,lower_48,compensation_outcome:retroactive_pay,safety,1,1,compensation_outcome:retroactive_pay,EPSG:5070_50km_fixed
CONUS50-+00001-+00024,lower_48,timing_implementation:payroll_effective_date,safety,1,1,timing_implementation:payroll_effective_date,EPSG:5070_50km_fixed
CONUS50-+00001-+00024,lower_48,timing_implementation:retroactive,safety,1,1,timing_implementation:retroactive,EPSG:5070_50km_fixed
CONUS50-+00001-+00024,lower_48,pressure_channel:none_identified,safety,1,1,pressure_channel:none_identified,EPSG:5070_50km_fixed
CONUS50-+00003-+00025,lower_48,institutional_channel:none_identified,safety,1,1,institutional_channel:none_identified,EPSG:5070_50km_fixed
CONUS50-+00003-+00025,lower_48,compensation_outcome:retroactive_pay,safety,1,1,compensation_outcome:retroactive_pay,EPSG:5070_50km_fixed
CONUS50-+00003-+00025,lower_48,timing_implementation:payroll_effective_date,safety,2,2,timing_implementation:payroll_effective_date,EPSG:5070_50km_fixed
CONUS50-+00003-+00025,lower_48,timing_implementation:retroactive,safety,1,1,timing_implementation:retroactive,EPSG:5070_50km_fixed
CONUS50-+00003-+00025,lower_48,pressure_channel:none_identified,safety,1,1,pressure_channel:none_identified,EPSG:5070_50km_fixed
CONUS50-+00000-+00026,lower_48,institutional_channel:none_identified,safety,1,1,institutional_channel:none_identified,EPSG:5070_50km_fixed
CONUS50-+00000-+00026,lower_48,compensation_outcome:non_base_compensation_other,safety,1,1,compensation_outcome:non_base_compensation_other,EPSG:5070_50km_fixed
CONUS50-+00000-+00026,lower_48,timing_implementation:payroll_effective_date,safety,1,1,timing_implementation:payroll_effective_date,EPSG:5070_50km_fixed
CONUS50-+00000-+00026,lower_48,pressure_channel:none_identified,safety,1,1,pressure_channel:none_identified,EPSG:5070_50km_fixed
CONUS50-+00005-+00022,lower_48,institutional_channel:none_identified,safety,1,1,institutional_channel:none_identified,EPSG:5070_50km_fixed
CONUS50-+00005-+00022,lower_48,compensation_outcome:retroactive_pay,safety,1,1,compensation_outcome:retroactive_pay,EPSG:5070_50km_fixed
CONUS50-+00005-+00022,lower_48,timing_implementation:payroll_effective_date,safety,1,1,timing_implementation:payroll_effective_date,EPSG:5070_50km_fixed
CONUS50-+00005-+00022,lower_48,timing_implementation:retroactive,safety,1,1,timing_implementation:retroactive,EPSG:5070_50km_fixed
CONUS50-+00005-+00022,lower_48,pressure_channel:none_identified,safety,1,1,pressure_channel:none_identified,EPSG:5070_50km_fixed
CONUS50-+00008-+00021,lower_48,institutional_channel:none_identified,safety,18,21,institutional_channel:none_identified,EPSG:5070_50km_fixed
CONUS50-+00008-+00021,lower_48,compensation_outcome:retroactive_pay,safety,16,16,compensation_outcome:retroactive_pay,EPSG:5070_50km_fixed
CONUS50-+00008-+00021,lower_48,timing_implementation:one_time,safety,3,3,timing_implementation:one_time,EPSG:5070_50km_fixed
CONUS50-+00008-+00021,lower_48,timing_implementation:retroactive,safety,16,16,timing_implementation:retroactive,EPSG:5070_50km_fixed
CONUS50-+00008-+00021,lower_48,pressure_channel:none_identified,safety,18,20,pressure_channel:none_identified,EPSG:5070_50km_fixed
CONUS50-+00008-+00021,lower_48,timing_implementation:payroll_effective_date,safety,14,14,timing_implementation:payroll_effective_date,EPSG:5070_50km_fixed
CONUS50-+00008-+00015,lower_48,institutional_channel:none_identified,safety,2,2,institutional_channel:none_identified,EPSG:5070_50km_fixed
CONUS50-+00008-+00015,lower_48,compensation_outcome:retroactive_pay,safety,2,2,compensation_outcome:retroactive_pay,EPSG:5070_50km_fixed
CONUS50-+00008-+00015,lower_48,timing_implementation:one_time,safety,2,2,timing_implementation:one_time,EPSG:5070_50km_fixed
CONUS50-+00008-+00015,lower_48,timing_implementation:payroll_effective_date,safety,1,1,timing_implementation:payroll_effective_date,EPSG:5070_50km_fixed
CONUS50-+00008-+00015,lower_48,timing_implementation:retroactive,safety,2,2,timing_implementation:retroactive,EPSG:5070_50km_fixed
CONUS50-+00008-+00015,lower_48,pressure_channel:none_identified,safety,2,2,pressure_channel:none_identified,EPSG:5070_50km_fixed
CONUS50-+00007-+00017,lower_48,institutional_channel:none_identified,safety,2,2,institutional_channel:none_identified,EPSG:5070_50km_fixed
CONUS50-+00007-+00017,lower_48,compensation_outcome:retroactive_pay,safety,2,2,compensation_outcome:retroactive_pay,EPSG:5070_50km_fixed
CONUS50-+00007-+00017,lower_48,timing_implementation:payroll_effective_date,safety,2,2,timing_implementation:payroll_effective_date,EPSG:5070_50km_fixed
CONUS50-+00007-+00017,lower_48,timing_implementation:retroactive,safety,2,2,timing_implementation:retroactive,EPSG:5070_50km_fixed
CONUS50-+00007-+00017,lower_48,pressure_channel:none_identified,safety,2,2,pressure_channel:none_identified,EPSG:5070_50km_fixed
CONUS50-+00009-+00020,lower_48,institutional_channel:none_identified,safety,18,23,institutional_channel:none_identified,EPSG:5070_50km_fixed
CONUS50-+00009-+00020,lower_48,compensation_outcome:retroactive_pay,safety,16,17,compensation_outcome:retroactive_pay,EPSG:5070_50km_fixed
CONUS50-+00009-+00020,lower_48,timing_implementation:one_time,safety,4,5,timing_implementation:one_time,EPSG:5070_50km_fixed
CONUS50-+00009-+00020,lower_48,timing_implementation:retroactive,safety,16,17,timing_implementation:retroactive,EPSG:5070_50km_fixed
CONUS50-+00009-+00020,lower_48,pressure_channel:none_identified,safety,20,23,pressure_channel:none_identified,EPSG:5070_50km_fixed
CONUS50-+00009-+00020,lower_48,timing_implementation:payroll_effective_date,safety,17,21,timing_implementation:payroll_effective_date,EPSG:5070_50km_fixed
CONUS50-+00009-+00020,lower_48,institutional_channel:ordinance_council_adoption,safety,2,2,institutional_channel:ordinance_council_adoption,EPSG:5070_50km_fixed
CONUS50-+00009-+00020,lower_48,compensation_outcome:no_direct_compensation_outcome,safety,5,5,compensation_outcome:no_direct_compensation_outcome,EPSG:5070_50km_fixed
CONUS50-+00009-+00020,lower_48,timing_implementation:unclear,safety,3,3,timing_implementation:unclear,EPSG:5070_50km_fixed
CONUS50-+00007-+00018,lower_48,institutional_channel:none_identified,safety,1,1,institutional_channel:none_identified,EPSG:5070_50km_fixed
CONUS50-+00007-+00018,lower_48,compensation_outcome:retroactive_pay,safety,2,2,compensation_outcome:retroactive_pay,EPSG:5070_50km_fixed
CONUS50-+00007-+00018,lower_48,timing_implementation:payroll_effective_date,safety,3,3,timing_implementation:payroll_effective_date,EPSG:5070_50km_fixed
CONUS50-+00007-+00018,lower_48,timing_implementation:retroactive,safety,2,2,timing_implementation:retroactive,EPSG:5070_50km_fixed
CONUS50-+00007-+00018,lower_48,pressure_channel:none_identified,safety,1,1,pressure_channel:none_identified,EPSG:5070_50km_fixed
CONUS50-+00009-+00017,lower_48,institutional_channel:none_identified,safety,6,7,institutional_channel:none_identified,EPSG:5070_50km_fixed
CONUS50-+00009-+00017,lower_48,compensation_outcome:retroactive_pay,safety,4,4,compensation_outcome:retroactive_pay,EPSG:5070_50km_fixed
CONUS50-+00009-+00017,lower_48,timing_implementation:payroll_effective_date,safety,5,5,timing_implementation:payroll_effective_date,EPSG:5070_50km_fixed
CONUS50-+00009-+00017,lower_48,timing_implementation:retroactive,safety,4,4,timing_implementation:retroactive,EPSG:5070_50km_fixed
CONUS50-+00009-+00017,lower_48,pressure_channel:none_identified,safety,6,7,pressure_channel:none_identified,EPSG:5070_50km_fixed
CONUS50-+00009-+00017,lower_48,compensation_outcome:across_the_board_raise,safety,1,1,compensation_outcome:across_the_board_raise,EPSG:5070_50km_fixed
CONUS50-+00009-+00017,lower_48,timing_implementation:recurring,safety,1,1,timing_implementation:recurring,EPSG:5070_50km_fixed
CONUS50-+00009-+00017,lower_48,timing_implementation:one_time,safety,1,1,timing_implementation:one_time,EPSG:5070_50km_fixed
CONUS50-+00009-+00017,lower_48,compensation_outcome:non_base_compensation_other,safety,2,2,compensation_outcome:non_base_compensation_other,EPSG:5070_50km_fixed
CONUS50-+00008-+00021,lower_48,compensation_outcome:base_wage_change,safety,2,2,compensation_outcome:base_wage_change,EPSG:5070_50km_fixed
CONUS50-+00008-+00021,lower_48,timing_implementation:recurring,safety,6,7,timing_implementation:recurring,EPSG:5070_50km_fixed
CONUS50-+00008-+00021,lower_48,compensation_outcome:uniform_or_equipment_allowance,safety,2,2,compensation_outcome:uniform_or_equipment_allowance,EPSG:5070_50km_fixed
CONUS50-+00009-+00020,lower_48,institutional_channel:budget_pay_plan_process,safety,4,4,institutional_channel:budget_pay_plan_process,EPSG:5070_50km_fixed
CONUS50-+00009-+00020,lower_48,pressure_channel:comparability_parity,safety,1,1,pressure_channel:comparability_parity,EPSG:5070_50km_fixed
CONUS50-+00009-+00020,lower_48,pressure_channel:fiscal_constraint,safety,4,4,pressure_channel:fiscal_constraint,EPSG:5070_50km_fixed
CONUS50-+00007-+00019,lower_48,institutional_channel:budget_pay_plan_process,safety,1,1,institutional_channel:budget_pay_plan_process,EPSG:5070_50km_fixed
CONUS50-+00007-+00019,lower_48,institutional_channel:ordinance_council_adoption,safety,1,1,institutional_channel:ordinance_council_adoption,EPSG:5070_50km_fixed
CONUS50-+00007-+00019,lower_48,compensation_outcome:across_the_board_raise,safety,1,1,compensation_outcome:across_the_board_raise,EPSG:5070_50km_fixed
CONUS50-+00007-+00019,lower_48,timing_implementation:budget_appropriation,safety,1,1,timing_implementation:budget_appropriation,EPSG:5070_50km_fixed
CONUS50-+00007-+00019,lower_48,timing_implementation:ordinance_adoption,safety,1,1,timing_implementation:ordinance_adoption,EPSG:5070_50km_fixed
CONUS50-+00007-+00019,lower_48,timing_implementation:recurring,safety,1,1,timing_implementation:recurring,EPSG:5070_50km_fixed
CONUS50-+00007-+00019,lower_48,pressure_channel:fiscal_constraint,safety,1,1,pressure_channel:fiscal_constraint,EPSG:5070_50km_fixed
CONUS50-+00007-+00019,lower_48,institutional_channel:none_identified,safety,3,3,institutional_channel:none_identified,EPSG:5070_50km_fixed
CONUS50-+00007-+00019,lower_48,compensation_outcome:retroactive_pay,safety,3,3,compensation_outcome:retroactive_pay,EPSG:5070_50km_fixed
CONUS50-+00007-+00019,lower_48,timing_implementation:payroll_effective_date,safety,2,2,timing_implementation:payroll_effective_date,EPSG:5070_50km_fixed
CONUS50-+00007-+00019,lower_48,timing_implementation:retroactive,safety,3,3,timing_implementation:retroactive,EPSG:5070_50km_fixed
CONUS50-+00007-+00019,lower_48,pressure_channel:none_identified,safety,3,3,pressure_channel:none_identified,EPSG:5070_50km_fixed
CONUS50-+00006-+00021,lower_48,institutional_channel:none_identified,safety,3,3,institutional_channel:none_identified,EPSG:5070_50km_fixed
CONUS50-+00006-+00021,lower_48,compensation_outcome:retroactive_pay,safety,3,3,compensation_outcome:retroactive_pay,EPSG:5070_50km_fixed
CONUS50-+00006-+00021,lower_48,timing_implementation:one_time,safety,1,1,timing_implementation:one_time,EPSG:5070_50km_fixed
CONUS50-+00006-+00021,lower_48,timing_implementation:payroll_effective_date,safety,3,3,timing_implementation:payroll_effective_date,EPSG:5070_50km_fixed
CONUS50-+00006-+00021,lower_48,timing_implementation:retroactive,safety,3,3,timing_implementation:retroactive,EPSG:5070_50km_fixed
CONUS50-+00006-+00021,lower_48,pressure_channel:none_identified,safety,3,3,pressure_channel:none_identified,EPSG:5070_50km_fixed
CONUS50-+00009-+00020,lower_48,timing_implementation:budget_appropriation,safety,1,1,timing_implementation:budget_appropriation,EPSG:5070_50km_fixed
CONUS50-+00009-+00018,lower_48,institutional_channel:none_identified,safety,5,6,institutional_channel:none_identified,EPSG:5070_50km_fixed
CONUS50-+00009-+00018,lower_48,compensation_outcome:retroactive_pay,safety,3,3,compensation_outcome:retroactive_pay,EPSG:5070_50km_fixed
CONUS50-+00009-+00018,lower_48,timing_implementation:one_time,safety,1,1,timing_implementation:one_time,EPSG:5070_50km_fixed
CONUS50-+00009-+00018,lower_48,timing_implementation:retroactive,safety,3,3,timing_implementation:retroactive,EPSG:5070_50km_fixed
CONUS50-+00009-+00018,lower_48,pressure_channel:none_identified,safety,7,7,pressure_channel:none_identified,EPSG:5070_50km_fixed
CONUS50-+00009-+00015,lower_48,institutional_channel:none_identified,safety,1,2,institutional_channel:none_identified,EPSG:5070_50km_fixed
CONUS50-+00009-+00015,lower_48,compensation_outcome:across_the_board_raise,safety,1,1,compensation_outcome:across_the_board_raise,EPSG:5070_50km_fixed
CONUS50-+00009-+00015,lower_48,timing_implementation:payroll_effective_date,safety,2,3,timing_implementation:payroll_effective_date,EPSG:5070_50km_fixed
CONUS50-+00009-+00015,lower_48,timing_implementation:recurring,safety,1,1,timing_implementation:recurring,EPSG:5070_50km_fixed
CONUS50-+00009-+00015,lower_48,pressure_channel:none_identified,safety,1,2,pressure_channel:none_identified,EPSG:5070_50km_fixed
CONUS50-+00009-+00015,lower_48,compensation_outcome:non_base_compensation_other,safety,1,1,compensation_outcome:non_base_compensation_other,EPSG:5070_50km_fixed
CONUS50-+00009-+00018,lower_48,timing_implementation:payroll_effective_date,safety,5,6,timing_implementation:payroll_effective_date,EPSG:5070_50km_fixed
CONUS50-+00007-+00018,lower_48,institutional_channel:budget_pay_plan_process,safety,3,3,institutional_channel:budget_pay_plan_process,EPSG:5070_50km_fixed
CONUS50-+00007-+00018,lower_48,timing_implementation:one_time,safety,1,1,timing_implementation:one_time,EPSG:5070_50km_fixed
CONUS50-+00007-+00018,lower_48,pressure_channel:fiscal_constraint,safety,3,3,pressure_channel:fiscal_constraint,EPSG:5070_50km_fixed
CONUS50-+00007-+00018,lower_48,compensation_outcome:no_direct_compensation_outcome,safety,2,2,compensation_outcome:no_direct_compensation_outcome,EPSG:5070_50km_fixed
CONUS50-+00007-+00020,lower_48,institutional_channel:none_identified,safety,4,6,institutional_channel:none_identified,EPSG:5070_50km_fixed
CONUS50-+00007-+00020,lower_48,compensation_outcome:across_the_board_raise,safety,2,2,compensation_outcome:across_the_board_raise,EPSG:5070_50km_fixed
CONUS50-+00007-+00020,lower_48,timing_implementation:payroll_effective_date,safety,4,6,timing_implementation:payroll_effective_date,EPSG:5070_50km_fixed
CONUS50-+00007-+00020,lower_48,timing_implementation:recurring,safety,3,5,timing_implementation:recurring,EPSG:5070_50km_fixed
CONUS50-+00007-+00020,lower_48,pressure_channel:none_identified,safety,3,3,pressure_channel:none_identified,EPSG:5070_50km_fixed
CONUS50-+00007-+00020,lower_48,compensation_outcome:cola_cpi_adjustment,safety,3,3,compensation_outcome:cola_cpi_adjustment,EPSG:5070_50km_fixed
CONUS50-+00007-+00020,lower_48,pressure_channel:inflation_indexing,safety,3,3,pressure_channel:inflation_indexing,EPSG:5070_50km_fixed
CONUS50-+00007-+00020,lower_48,compensation_outcome:non_base_compensation_other,safety,1,1,compensation_outcome:non_base_compensation_other,EPSG:5070_50km_fixed
CONUS50-+00009-+00020,lower_48,compensation_outcome:across_the_board_raise,safety,3,3,compensation_outcome:across_the_board_raise,EPSG:5070_50km_fixed
CONUS50-+00009-+00020,lower_48,timing_implementation:recurring,safety,8,8,timing_implementation:recurring,EPSG:5070_50km_fixed
CONUS50-+00009-+00015,lower_48,institutional_channel:budget_pay_plan_process,safety,1,1,institutional_channel:budget_pay_plan_process,EPSG:5070_50km_fixed
CONUS50-+00009-+00015,lower_48,compensation_outcome:no_direct_compensation_outcome,safety,1,1,compensation_outcome:no_direct_compensation_outcome,EPSG:5070_50km_fixed
CONUS50-+00009-+00015,lower_48,pressure_channel:fiscal_constraint,safety,1,1,pressure_channel:fiscal_constraint,EPSG:5070_50km_fixed
CONUS50-+00008-+00016,lower_48,institutional_channel:none_identified,safety,1,2,institutional_channel:none_identified,EPSG:5070_50km_fixed
CONUS50-+00008-+00016,lower_48,compensation_outcome:retroactive_pay,safety,1,2,compensation_outcome:retroactive_pay,EPSG:5070_50km_fixed
CONUS50-+00008-+00016,lower_48,timing_implementation:one_time,safety,1,2,timing_implementation:one_time,EPSG:5070_50km_fixed
CONUS50-+00008-+00016,lower_48,timing_implementation:payroll_effective_date,safety,1,1,timing_implementation:payroll_effective_date,EPSG:5070_50km_fixed
CONUS50-+00008-+00016,lower_48,timing_implementation:retroactive,safety,1,2,timing_implementation:retroactive,EPSG:5070_50km_fixed
CONUS50-+00008-+00016,lower_48,pressure_channel:none_identified,safety,1,2,pressure_channel:none_identified,EPSG:5070_50km_fixed
CONUS50-+00008-+00020,lower_48,institutional_channel:none_identified,safety,1,1,institutional_channel:none_identified,EPSG:5070_50km_fixed
CONUS50-+00008-+00020,lower_48,compensation_outcome:retroactive_pay,safety,1,1,compensation_outcome:retroactive_pay,EPSG:5070_50km_fixed
CONUS50-+00008-+00020,lower_48,timing_implementation:payroll_effective_date,safety,1,1,timing_implementation:payroll_effective_date,EPSG:5070_50km_fixed
CONUS50-+00008-+00020,lower_48,timing_implementation:retroactive,safety,1,1,timing_implementation:retroactive,EPSG:5070_50km_fixed
CONUS50-+00008-+00020,lower_48,pressure_channel:none_identified,safety,2,2,pressure_channel:none_identified,EPSG:5070_50km_fixed
CONUS50-+00009-+00020,lower_48,compensation_outcome:step_progression,safety,1,1,compensation_outcome:step_progression,EPSG:5070_50km_fixed
CONUS50-+00009-+00020,lower_48,pressure_channel:market_recruitment_retention,safety,1,1,pressure_channel:market_recruitment_retention,EPSG:5070_50km_fixed
CONUS50-+00007-+00020,lower_48,institutional_channel:budget_pay_plan_process,safety,1,1,institutional_channel:budget_pay_plan_process,EPSG:5070_50km_fixed
CONUS50-+00007-+00020,lower_48,institutional_channel:ordinance_council_adoption,safety,1,1,institutional_channel:ordinance_council_adoption,EPSG:5070_50km_fixed
CONUS50-+00007-+00020,lower_48,compensation_outcome:no_direct_compensation_outcome,safety,1,1,compensation_outcome:no_direct_compensation_outcome,EPSG:5070_50km_fixed
CONUS50-+00007-+00020,lower_48,timing_implementation:budget_appropriation,safety,1,1,timing_implementation:budget_appropriation,EPSG:5070_50km_fixed
CONUS50-+00007-+00020,lower_48,timing_implementation:ordinance_adoption,safety,1,1,timing_implementation:ordinance_adoption,EPSG:5070_50km_fixed
CONUS50-+00007-+00020,lower_48,pressure_channel:fiscal_constraint,safety,1,1,pressure_channel:fiscal_constraint,EPSG:5070_50km_fixed
CONUS50-+00009-+00020,lower_48,compensation_outcome:holiday_pay,safety,3,3,compensation_outcome:holiday_pay,EPSG:5070_50km_fixed
CONUS50-+00009-+00020,lower_48,compensation_outcome:benefit_cost_change,safety,2,2,compensation_outcome:benefit_cost_change,EPSG:5070_50km_fixed
CONUS50-+00009-+00020,lower_48,timing_implementation:ordinance_adoption,safety,1,1,timing_implementation:ordinance_adoption,EPSG:5070_50km_fixed
CONUS50-+00007-+00021,lower_48,institutional_channel:none_identified,safety,5,5,institutional_channel:none_identified,EPSG:5070_50km_fixed
CONUS50-+00007-+00021,lower_48,compensation_outcome:retroactive_pay,safety,2,2,compensation_outcome:retroactive_pay,EPSG:5070_50km_fixed
CONUS50-+00007-+00021,lower_48,timing_implementation:payroll_effective_date,safety,5,5,timing_implementation:payroll_effective_date,EPSG:5070_50km_fixed
CONUS50-+00007-+00021,lower_48,timing_implementation:retroactive,safety,2,2,timing_implementation:retroactive,EPSG:5070_50km_fixed
CONUS50-+00007-+00021,lower_48,pressure_channel:none_identified,safety,4,4,pressure_channel:none_identified,EPSG:5070_50km_fixed
CONUS50-+00009-+00020,lower_48,compensation_outcome:cola_cpi_adjustment,safety,1,1,compensation_outcome:cola_cpi_adjustment,EPSG:5070_50km_fixed
CONUS50-+00009-+00020,lower_48,pressure_channel:inflation_indexing,safety,1,1,pressure_channel:inflation_indexing,EPSG:5070_50km_fixed
CONUS50-+00009-+00018,lower_48,institutional_channel:budget_pay_plan_process,safety,1,1,institutional_channel:budget_pay_plan_process,EPSG:5070_50km_fixed
CONUS50-+00009-+00018,lower_48,compensation_outcome:no_direct_compensation_outcome,safety,3,3,compensation_outcome:no_direct_compensation_outcome,EPSG:5070_50km_fixed
CONUS50-+00009-+00018,lower_48,pressure_channel:fiscal_constraint,safety,1,1,pressure_channel:fiscal_constraint,EPSG:5070_50km_fixed
CONUS50-+00007-+00019,lower_48,timing_implementation:one_time,safety,1,1,timing_implementation:one_time,EPSG:5070_50km_fixed
CONUS50-+00006-+00021,lower_48,compensation_outcome:stipend_or_premium,safety,1,1,compensation_outcome:stipend_or_premium,EPSG:5070_50km_fixed
CONUS50-+00006-+00021,lower_48,timing_implementation:recurring,safety,1,1,timing_implementation:recurring,EPSG:5070_50km_fixed
CONUS50-+00007-+00021,lower_48,compensation_outcome:non_base_compensation_other,safety,3,3,compensation_outcome:non_base_compensation_other,EPSG:5070_50km_fixed
CONUS50-+00007-+00021,lower_48,pressure_channel:fiscal_constraint,safety,1,1,pressure_channel:fiscal_constraint,EPSG:5070_50km_fixed
CONUS50-+00009-+00020,lower_48,compensation_outcome:stipend_or_premium,safety,1,1,compensation_outcome:stipend_or_premium,EPSG:5070_50km_fixed
CONUS50-+00008-+00020,lower_48,institutional_channel:ordinance_council_adoption,safety,1,1,institutional_channel:ordinance_council_adoption,EPSG:5070_50km_fixed
CONUS50-+00008-+00020,lower_48,compensation_outcome:no_direct_compensation_outcome,safety,1,1,compensation_outcome:no_direct_compensation_outcome,EPSG:5070_50km_fixed
CONUS50-+00008-+00020,lower_48,timing_implementation:unclear,safety,1,1,timing_implementation:unclear,EPSG:5070_50km_fixed
CONUS50-+00009-+00018,lower_48,institutional_channel:ordinance_council_adoption,safety,2,2,institutional_channel:ordinance_council_adoption,EPSG:5070_50km_fixed
CONUS50-+00009-+00018,lower_48,timing_implementation:ordinance_adoption,safety,2,2,timing_implementation:ordinance_adoption,EPSG:5070_50km_fixed
CONUS50-+00009-+00018,lower_48,compensation_outcome:non_base_compensation_other,safety,2,2,compensation_outcome:non_base_compensation_other,EPSG:5070_50km_fixed
CONUS50-+00009-+00018,lower_48,compensation_outcome:cola_cpi_adjustment,safety,1,1,compensation_outcome:cola_cpi_adjustment,EPSG:5070_50km_fixed
CONUS50-+00009-+00018,lower_48,timing_implementation:recurring,safety,1,1,timing_implementation:recurring,EPSG:5070_50km_fixed
CONUS50-+00009-+00018,lower_48,pressure_channel:inflation_indexing,safety,1,1,pressure_channel:inflation_indexing,EPSG:5070_50km_fixed
CONUS50-+00008-+00021,lower_48,compensation_outcome:across_the_board_raise,safety,3,3,compensation_outcome:across_the_board_raise,EPSG:5070_50km_fixed
CONUS50-+00008-+00021,lower_48,compensation_outcome:cola_cpi_adjustment,safety,1,1,compensation_outcome:cola_cpi_adjustment,EPSG:5070_50km_fixed
CONUS50-+00008-+00021,lower_48,pressure_channel:inflation_indexing,safety,1,1,pressure_channel:inflation_indexing,EPSG:5070_50km_fixed
CONUS50-+00009-+00021,lower_48,institutional_channel:none_identified,safety,3,4,institutional_channel:none_identified,EPSG:5070_50km_fixed
CONUS50-+00009-+00021,lower_48,compensation_outcome:retroactive_pay,safety,2,2,compensation_outcome:retroactive_pay,EPSG:5070_50km_fixed
CONUS50-+00009-+00021,lower_48,timing_implementation:payroll_effective_date,safety,2,2,timing_implementation:payroll_effective_date,EPSG:5070_50km_fixed
CONUS50-+00009-+00021,lower_48,timing_implementation:retroactive,safety,2,2,timing_implementation:retroactive,EPSG:5070_50km_fixed
CONUS50-+00009-+00021,lower_48,pressure_channel:none_identified,safety,3,4,pressure_channel:none_identified,EPSG:5070_50km_fixed
CONUS50-+00012-+00018,lower_48,institutional_channel:none_identified,safety,2,3,institutional_channel:none_identified,EPSG:5070_50km_fixed
CONUS50-+00012-+00018,lower_48,compensation_outcome:retroactive_pay,safety,2,2,compensation_outcome:retroactive_pay,EPSG:5070_50km_fixed
CONUS50-+00012-+00018,lower_48,timing_implementation:payroll_effective_date,safety,2,2,timing_implementation:payroll_effective_date,EPSG:5070_50km_fixed
CONUS50-+00012-+00018,lower_48,timing_implementation:retroactive,safety,2,2,timing_implementation:retroactive,EPSG:5070_50km_fixed
CONUS50-+00012-+00018,lower_48,pressure_channel:none_identified,safety,2,3,pressure_channel:none_identified,EPSG:5070_50km_fixed
CONUS50-+00012-+00019,lower_48,institutional_channel:budget_pay_plan_process,safety,2,2,institutional_channel:budget_pay_plan_process,EPSG:5070_50km_fixed
CONUS50-+00012-+00019,lower_48,compensation_outcome:stipend_or_premium,safety,1,1,compensation_outcome:stipend_or_premium,EPSG:5070_50km_fixed
CONUS50-+00012-+00019,lower_48,timing_implementation:recurring,safety,2,2,timing_implementation:recurring,EPSG:5070_50km_fixed
CONUS50-+00012-+00019,lower_48,pressure_channel:fiscal_constraint,safety,2,2,pressure_channel:fiscal_constraint,EPSG:5070_50km_fixed
CONUS50-+00012-+00014,lower_48,institutional_channel:ordinance_council_adoption,safety,1,1,institutional_channel:ordinance_council_adoption,EPSG:5070_50km_fixed
CONUS50-+00012-+00014,lower_48,compensation_outcome:no_direct_compensation_outcome,safety,1,1,compensation_outcome:no_direct_compensation_outcome,EPSG:5070_50km_fixed
CONUS50-+00012-+00014,lower_48,timing_implementation:ordinance_adoption,safety,1,1,timing_implementation:ordinance_adoption,EPSG:5070_50km_fixed
CONUS50-+00012-+00014,lower_48,pressure_channel:none_identified,safety,2,2,pressure_channel:none_identified,EPSG:5070_50km_fixed
CONUS50-+00012-+00014,lower_48,institutional_channel:none_identified,safety,1,1,institutional_channel:none_identified,EPSG:5070_50km_fixed
CONUS50-+00012-+00014,lower_48,compensation_outcome:retroactive_pay,safety,1,1,compensation_outcome:retroactive_pay,EPSG:5070_50km_fixed
CONUS50-+00012-+00014,lower_48,timing_implementation:payroll_effective_date,safety,1,1,timing_implementation:payroll_effective_date,EPSG:5070_50km_fixed
CONUS50-+00012-+00014,lower_48,timing_implementation:retroactive,safety,1,1,timing_implementation:retroactive,EPSG:5070_50km_fixed
CONUS50-+00010-+00015,lower_48,institutional_channel:none_identified,safety,3,3,institutional_channel:none_identified,EPSG:5070_50km_fixed
CONUS50-+00010-+00015,lower_48,compensation_outcome:retroactive_pay,safety,3,3,compensation_outcome:retroactive_pay,EPSG:5070_50km_fixed
CONUS50-+00010-+00015,lower_48,timing_implementation:one_time,safety,1,1,timing_implementation:one_time,EPSG:5070_50km_fixed
CONUS50-+00010-+00015,lower_48,timing_implementation:payroll_effective_date,safety,4,4,timing_implementation:payroll_effective_date,EPSG:5070_50km_fixed
CONUS50-+00010-+00015,lower_48,timing_implementation:retroactive,safety,3,3,timing_implementation:retroactive,EPSG:5070_50km_fixed
CONUS50-+00010-+00015,lower_48,pressure_channel:none_identified,safety,4,5,pressure_channel:none_identified,EPSG:5070_50km_fixed
CONUS50-+00010-+00015,lower_48,compensation_outcome:non_base_compensation_other,safety,1,1,compensation_outcome:non_base_compensation_other,EPSG:5070_50km_fixed
CONUS50-+00010-+00015,lower_48,timing_implementation:ordinance_adoption,safety,2,2,timing_implementation:ordinance_adoption,EPSG:5070_50km_fixed
CONUS50-+00012-+00016,lower_48,institutional_channel:none_identified,safety,2,3,institutional_channel:none_identified,EPSG:5070_50km_fixed
CONUS50-+00012-+00016,lower_48,compensation_outcome:across_the_board_raise,safety,1,1,compensation_outcome:across_the_board_raise,EPSG:5070_50km_fixed
CONUS50-+00012-+00016,lower_48,timing_implementation:payroll_effective_date,safety,2,3,timing_implementation:payroll_effective_date,EPSG:5070_50km_fixed
CONUS50-+00012-+00016,lower_48,timing_implementation:recurring,safety,1,2,timing_implementation:recurring,EPSG:5070_50km_fixed
CONUS50-+00012-+00016,lower_48,pressure_channel:none_identified,safety,2,3,pressure_channel:none_identified,EPSG:5070_50km_fixed
CONUS50-+00012-+00016,lower_48,compensation_outcome:step_progression,safety,1,1,compensation_outcome:step_progression,EPSG:5070_50km_fixed
CONUS50-+00012-+00016,lower_48,compensation_outcome:retroactive_pay,safety,1,1,compensation_outcome:retroactive_pay,EPSG:5070_50km_fixed
CONUS50-+00012-+00016,lower_48,timing_implementation:retroactive,safety,1,1,timing_implementation:retroactive,EPSG:5070_50km_fixed
CONUS50-+00010-+00015,lower_48,institutional_channel:ordinance_council_adoption,safety,2,2,institutional_channel:ordinance_council_adoption,EPSG:5070_50km_fixed
CONUS50-+00010-+00015,lower_48,compensation_outcome:no_direct_compensation_outcome,safety,1,1,compensation_outcome:no_direct_compensation_outcome,EPSG:5070_50km_fixed
CONUS50-+00010-+00015,lower_48,timing_implementation:unclear,safety,1,1,timing_implementation:unclear,EPSG:5070_50km_fixed
CONUS50-+00010-+00019,lower_48,institutional_channel:ordinance_council_adoption,safety,1,1,institutional_channel:ordinance_council_adoption,EPSG:5070_50km_fixed
CONUS50-+00010-+00019,lower_48,compensation_outcome:non_base_compensation_other,safety,3,3,compensation_outcome:non_base_compensation_other,EPSG:5070_50km_fixed
CONUS50-+00010-+00019,lower_48,timing_implementation:payroll_effective_date,safety,4,4,timing_implementation:payroll_effective_date,EPSG:5070_50km_fixed
CONUS50-+00010-+00019,lower_48,pressure_channel:none_identified,safety,4,4,pressure_channel:none_identified,EPSG:5070_50km_fixed
CONUS50-+00010-+00019,lower_48,institutional_channel:none_identified,safety,3,3,institutional_channel:none_identified,EPSG:5070_50km_fixed
CONUS50-+00012-+00017,lower_48,institutional_channel:none_identified,safety,3,3,institutional_channel:none_identified,EPSG:5070_50km_fixed
CONUS50-+00012-+00017,lower_48,compensation_outcome:retroactive_pay,safety,3,3,compensation_outcome:retroactive_pay,EPSG:5070_50km_fixed
CONUS50-+00012-+00017,lower_48,timing_implementation:one_time,safety,2,2,timing_implementation:one_time,EPSG:5070_50km_fixed
CONUS50-+00012-+00017,lower_48,timing_implementation:payroll_effective_date,safety,3,3,timing_implementation:payroll_effective_date,EPSG:5070_50km_fixed
CONUS50-+00012-+00017,lower_48,timing_implementation:retroactive,safety,3,3,timing_implementation:retroactive,EPSG:5070_50km_fixed
CONUS50-+00012-+00017,lower_48,pressure_channel:none_identified,safety,3,3,pressure_channel:none_identified,EPSG:5070_50km_fixed
CONUS50-+00011-+00019,lower_48,institutional_channel:none_identified,safety,3,4,institutional_channel:none_identified,EPSG:5070_50km_fixed
CONUS50-+00011-+00019,lower_48,compensation_outcome:across_the_board_raise,safety,1,1,compensation_outcome:across_the_board_raise,EPSG:5070_50km_fixed
CONUS50-+00011-+00019,lower_48,timing_implementation:payroll_effective_date,safety,2,3,timing_implementation:payroll_effective_date,EPSG:5070_50km_fixed
CONUS50-+00011-+00019,lower_48,timing_implementation:recurring,safety,2,2,timing_implementation:recurring,EPSG:5070_50km_fixed
CONUS50-+00011-+00019,lower_48,pressure_channel:none_identified,safety,3,4,pressure_channel:none_identified,EPSG:5070_50km_fixed
CONUS50-+00011-+00019,lower_48,compensation_outcome:retroactive_pay,safety,3,3,compensation_outcome:retroactive_pay,EPSG:5070_50km_fixed
CONUS50-+00011-+00019,lower_48,timing_implementation:retroactive,safety,3,3,timing_implementation:retroactive,EPSG:5070_50km_fixed
CONUS50-+00010-+00019,lower_48,compensation_outcome:retroactive_pay,safety,1,1,compensation_outcome:retroactive_pay,EPSG:5070_50km_fixed
CONUS50-+00010-+00019,lower_48,timing_implementation:retroactive,safety,1,1,timing_implementation:retroactive,EPSG:5070_50km_fixed
CONUS50-+00010-+00018,lower_48,institutional_channel:budget_pay_plan_process,safety,2,2,institutional_channel:budget_pay_plan_process,EPSG:5070_50km_fixed
CONUS50-+00010-+00018,lower_48,institutional_channel:ordinance_council_adoption,safety,1,1,institutional_channel:ordinance_council_adoption,EPSG:5070_50km_fixed
CONUS50-+00010-+00018,lower_48,compensation_outcome:no_direct_compensation_outcome,safety,2,2,compensation_outcome:no_direct_compensation_outcome,EPSG:5070_50km_fixed
CONUS50-+00010-+00018,lower_48,timing_implementation:ordinance_adoption,safety,1,1,timing_implementation:ordinance_adoption,EPSG:5070_50km_fixed
CONUS50-+00010-+00018,lower_48,timing_implementation:payroll_effective_date,safety,2,2,timing_implementation:payroll_effective_date,EPSG:5070_50km_fixed
CONUS50-+00010-+00018,lower_48,pressure_channel:fiscal_constraint,safety,2,2,pressure_channel:fiscal_constraint,EPSG:5070_50km_fixed
CONUS50-+00010-+00018,lower_48,institutional_channel:settlement_or_mou,safety,1,1,institutional_channel:settlement_or_mou,EPSG:5070_50km_fixed
CONUS50-+00010-+00018,lower_48,institutional_channel:none_identified,safety,1,1,institutional_channel:none_identified,EPSG:5070_50km_fixed
CONUS50-+00010-+00018,lower_48,compensation_outcome:longevity,safety,1,1,compensation_outcome:longevity,EPSG:5070_50km_fixed
CONUS50-+00010-+00018,lower_48,timing_implementation:recurring,safety,1,1,timing_implementation:recurring,EPSG:5070_50km_fixed
CONUS50-+00010-+00018,lower_48,pressure_channel:none_identified,safety,1,1,pressure_channel:none_identified,EPSG:5070_50km_fixed
CONUS50-+00001-+00018,lower_48,institutional_channel:none_identified,safety,1,1,institutional_channel:none_identified,EPSG:5070_50km_fixed
CONUS50-+00001-+00018,lower_48,compensation_outcome:retroactive_pay,safety,1,1,compensation_outcome:retroactive_pay,EPSG:5070_50km_fixed
CONUS50-+00001-+00018,lower_48,timing_implementation:payroll_effective_date,safety,1,1,timing_implementation:payroll_effective_date,EPSG:5070_50km_fixed
CONUS50-+00001-+00018,lower_48,timing_implementation:retroactive,safety,1,1,timing_implementation:retroactive,EPSG:5070_50km_fixed
CONUS50-+00001-+00018,lower_48,pressure_channel:none_identified,safety,1,1,pressure_channel:none_identified,EPSG:5070_50km_fixed
CONUS50--00002-+00020,lower_48,institutional_channel:none_identified,safety,1,2,institutional_channel:none_identified,EPSG:5070_50km_fixed
CONUS50--00002-+00020,lower_48,compensation_outcome:across_the_board_raise,safety,1,1,compensation_outcome:across_the_board_raise,EPSG:5070_50km_fixed
CONUS50--00002-+00020,lower_48,timing_implementation:recurring,safety,1,1,timing_implementation:recurring,EPSG:5070_50km_fixed
CONUS50--00002-+00020,lower_48,pressure_channel:none_identified,safety,1,2,pressure_channel:none_identified,EPSG:5070_50km_fixed
CONUS50--00002-+00020,lower_48,compensation_outcome:retroactive_pay,safety,1,1,compensation_outcome:retroactive_pay,EPSG:5070_50km_fixed
CONUS50--00002-+00020,lower_48,timing_implementation:payroll_effective_date,safety,1,1,timing_implementation:payroll_effective_date,EPSG:5070_50km_fixed
CONUS50--00002-+00020,lower_48,timing_implementation:retroactive,safety,1,1,timing_implementation:retroactive,EPSG:5070_50km_fixed
CONUS50-+00001-+00020,lower_48,institutional_channel:none_identified,safety,1,1,institutional_channel:none_identified,EPSG:5070_50km_fixed
CONUS50-+00001-+00020,lower_48,compensation_outcome:retroactive_pay,safety,1,1,compensation_outcome:retroactive_pay,EPSG:5070_50km_fixed
CONUS50-+00001-+00020,lower_48,timing_implementation:payroll_effective_date,safety,1,1,timing_implementation:payroll_effective_date,EPSG:5070_50km_fixed
CONUS50-+00001-+00020,lower_48,timing_implementation:retroactive,safety,1,1,timing_implementation:retroactive,EPSG:5070_50km_fixed
CONUS50-+00001-+00020,lower_48,pressure_channel:none_identified,safety,1,1,pressure_channel:none_identified,EPSG:5070_50km_fixed
CONUS50--00002-+00022,lower_48,institutional_channel:none_identified,safety,1,1,institutional_channel:none_identified,EPSG:5070_50km_fixed
CONUS50--00002-+00022,lower_48,compensation_outcome:no_direct_compensation_outcome,safety,1,1,compensation_outcome:no_direct_compensation_outcome,EPSG:5070_50km_fixed
CONUS50--00002-+00022,lower_48,timing_implementation:unclear,safety,1,1,timing_implementation:unclear,EPSG:5070_50km_fixed
CONUS50--00002-+00022,lower_48,pressure_channel:none_identified,safety,1,1,pressure_channel:none_identified,EPSG:5070_50km_fixed
CONUS50-+00000-+00021,lower_48,institutional_channel:none_identified,safety,1,1,institutional_channel:none_identified,EPSG:5070_50km_fixed
CONUS50-+00000-+00021,lower_48,compensation_outcome:across_the_board_raise,safety,1,1,compensation_outcome:across_the_board_raise,EPSG:5070_50km_fixed
CONUS50-+00000-+00021,lower_48,compensation_outcome:classification_band_change,safety,1,1,compensation_outcome:classification_band_change,EPSG:5070_50km_fixed
CONUS50-+00000-+00021,lower_48,timing_implementation:unclear,safety,1,1,timing_implementation:unclear,EPSG:5070_50km_fixed
CONUS50-+00000-+00021,lower_48,pressure_channel:none_identified,safety,1,1,pressure_channel:none_identified,EPSG:5070_50km_fixed
CONUS50-+00015-+00013,lower_48,institutional_channel:none_identified,safety,3,3,institutional_channel:none_identified,EPSG:5070_50km_fixed
CONUS50-+00015-+00013,lower_48,compensation_outcome:retroactive_pay,safety,3,3,compensation_outcome:retroactive_pay,EPSG:5070_50km_fixed
CONUS50-+00015-+00013,lower_48,timing_implementation:payroll_effective_date,safety,3,3,timing_implementation:payroll_effective_date,EPSG:5070_50km_fixed
CONUS50-+00015-+00013,lower_48,timing_implementation:retroactive,safety,3,3,timing_implementation:retroactive,EPSG:5070_50km_fixed
CONUS50-+00015-+00013,lower_48,pressure_channel:none_identified,safety,3,4,pressure_channel:none_identified,EPSG:5070_50km_fixed
CONUS50-+00015-+00013,lower_48,compensation_outcome:classification_band_change,safety,2,3,compensation_outcome:classification_band_change,EPSG:5070_50km_fixed
CONUS50-+00015-+00013,lower_48,institutional_channel:ordinance_council_adoption,safety,1,1,institutional_channel:ordinance_council_adoption,EPSG:5070_50km_fixed
CONUS50-+00015-+00013,lower_48,timing_implementation:ordinance_adoption,safety,1,1,timing_implementation:ordinance_adoption,EPSG:5070_50km_fixed
CONUS50-+00014-+00014,lower_48,institutional_channel:ordinance_council_adoption,safety,1,1,institutional_channel:ordinance_council_adoption,EPSG:5070_50km_fixed
CONUS50-+00014-+00014,lower_48,compensation_outcome:holiday_pay,safety,1,1,compensation_outcome:holiday_pay,EPSG:5070_50km_fixed
CONUS50-+00014-+00014,lower_48,compensation_outcome:retroactive_pay,safety,4,4,compensation_outcome:retroactive_pay,EPSG:5070_50km_fixed
CONUS50-+00014-+00014,lower_48,timing_implementation:ordinance_adoption,safety,1,1,timing_implementation:ordinance_adoption,EPSG:5070_50km_fixed
CONUS50-+00014-+00014,lower_48,timing_implementation:payroll_effective_date,safety,8,10,timing_implementation:payroll_effective_date,EPSG:5070_50km_fixed
CONUS50-+00014-+00014,lower_48,timing_implementation:recurring,safety,7,7,timing_implementation:recurring,EPSG:5070_50km_fixed
CONUS50-+00014-+00014,lower_48,timing_implementation:retroactive,safety,4,4,timing_implementation:retroactive,EPSG:5070_50km_fixed
CONUS50-+00014-+00014,lower_48,pressure_channel:none_identified,safety,9,12,pressure_channel:none_identified,EPSG:5070_50km_fixed
CONUS50-+00004-+00010,lower_48,institutional_channel:ordinance_council_adoption,safety,1,1,institutional_channel:ordinance_council_adoption,EPSG:5070_50km_fixed
CONUS50-+00004-+00010,lower_48,compensation_outcome:retroactive_pay,safety,1,1,compensation_outcome:retroactive_pay,EPSG:5070_50km_fixed
CONUS50-+00004-+00010,lower_48,timing_implementation:ordinance_adoption,safety,1,1,timing_implementation:ordinance_adoption,EPSG:5070_50km_fixed
CONUS50-+00004-+00010,lower_48,timing_implementation:payroll_effective_date,safety,1,1,timing_implementation:payroll_effective_date,EPSG:5070_50km_fixed
CONUS50-+00004-+00010,lower_48,timing_implementation:retroactive,safety,1,1,timing_implementation:retroactive,EPSG:5070_50km_fixed
CONUS50-+00004-+00010,lower_48,pressure_channel:none_identified,safety,1,1,pressure_channel:none_identified,EPSG:5070_50km_fixed
CONUS50-+00004-+00008,lower_48,institutional_channel:none_identified,safety,1,1,institutional_channel:none_identified,EPSG:5070_50km_fixed
CONUS50-+00004-+00008,lower_48,compensation_outcome:retroactive_pay,safety,1,1,compensation_outcome:retroactive_pay,EPSG:5070_50km_fixed
CONUS50-+00004-+00008,lower_48,timing_implementation:payroll_effective_date,safety,1,1,timing_implementation:payroll_effective_date,EPSG:5070_50km_fixed
CONUS50-+00004-+00008,lower_48,timing_implementation:retroactive,safety,1,1,timing_implementation:retroactive,EPSG:5070_50km_fixed
CONUS50-+00004-+00008,lower_48,pressure_channel:none_identified,safety,1,1,pressure_channel:none_identified,EPSG:5070_50km_fixed
CONUS50-+00003-+00011,lower_48,institutional_channel:ordinance_council_adoption,safety,1,1,institutional_channel:ordinance_council_adoption,EPSG:5070_50km_fixed
CONUS50-+00003-+00011,lower_48,compensation_outcome:base_wage_change,safety,1,1,compensation_outcome:base_wage_change,EPSG:5070_50km_fixed
CONUS50-+00003-+00011,lower_48,compensation_outcome:retroactive_pay,safety,1,1,compensation_outcome:retroactive_pay,EPSG:5070_50km_fixed
CONUS50-+00003-+00011,lower_48,timing_implementation:ordinance_adoption,safety,1,1,timing_implementation:ordinance_adoption,EPSG:5070_50km_fixed
CONUS50-+00003-+00011,lower_48,timing_implementation:payroll_effective_date,safety,1,1,timing_implementation:payroll_effective_date,EPSG:5070_50km_fixed
CONUS50-+00003-+00011,lower_48,timing_implementation:recurring,safety,1,1,timing_implementation:recurring,EPSG:5070_50km_fixed
CONUS50-+00003-+00011,lower_48,timing_implementation:retroactive,safety,1,1,timing_implementation:retroactive,EPSG:5070_50km_fixed
CONUS50-+00003-+00011,lower_48,pressure_channel:none_identified,safety,1,1,pressure_channel:none_identified,EPSG:5070_50km_fixed
CONUS50-+00005-+00008,lower_48,institutional_channel:ordinance_council_adoption,safety,1,1,institutional_channel:ordinance_council_adoption,EPSG:5070_50km_fixed
CONUS50-+00005-+00008,lower_48,compensation_outcome:base_wage_change,safety,1,1,compensation_outcome:base_wage_change,EPSG:5070_50km_fixed
CONUS50-+00005-+00008,lower_48,timing_implementation:ordinance_adoption,safety,1,1,timing_implementation:ordinance_adoption,EPSG:5070_50km_fixed
CONUS50-+00005-+00008,lower_48,timing_implementation:recurring,safety,1,1,timing_implementation:recurring,EPSG:5070_50km_fixed
CONUS50-+00005-+00008,lower_48,pressure_channel:none_identified,safety,1,1,pressure_channel:none_identified,EPSG:5070_50km_fixed
CONUS50-+00027-+00014,lower_48,institutional_channel:none_identified,safety,2,3,institutional_channel:none_identified,EPSG:5070_50km_fixed
CONUS50-+00027-+00014,lower_48,compensation_outcome:across_the_board_raise,safety,1,1,compensation_outcome:across_the_board_raise,EPSG:5070_50km_fixed
CONUS50-+00027-+00014,lower_48,timing_implementation:contract_ratification,safety,2,2,timing_implementation:contract_ratification,EPSG:5070_50km_fixed
CONUS50-+00027-+00014,lower_48,timing_implementation:payroll_effective_date,safety,2,3,timing_implementation:payroll_effective_date,EPSG:5070_50km_fixed
CONUS50-+00027-+00014,lower_48,timing_implementation:recurring,safety,1,1,timing_implementation:recurring,EPSG:5070_50km_fixed
CONUS50-+00027-+00014,lower_48,pressure_channel:none_identified,safety,2,3,pressure_channel:none_identified,EPSG:5070_50km_fixed
CONUS50-+00027-+00014,lower_48,compensation_outcome:retroactive_pay,safety,2,2,compensation_outcome:retroactive_pay,EPSG:5070_50km_fixed
CONUS50-+00027-+00014,lower_48,timing_implementation:retroactive,safety,2,2,timing_implementation:retroactive,EPSG:5070_50km_fixed
CONUS50-+00026-+00015,lower_48,institutional_channel:none_identified,safety,4,4,institutional_channel:none_identified,EPSG:5070_50km_fixed
CONUS50-+00026-+00015,lower_48,compensation_outcome:retroactive_pay,safety,2,2,compensation_outcome:retroactive_pay,EPSG:5070_50km_fixed
CONUS50-+00026-+00015,lower_48,timing_implementation:payroll_effective_date,safety,4,4,timing_implementation:payroll_effective_date,EPSG:5070_50km_fixed
CONUS50-+00026-+00015,lower_48,timing_implementation:retroactive,safety,2,2,timing_implementation:retroactive,EPSG:5070_50km_fixed
CONUS50-+00026-+00015,lower_48,pressure_channel:none_identified,safety,2,2,pressure_channel:none_identified,EPSG:5070_50km_fixed
CONUS50-+00025-+00015,lower_48,institutional_channel:none_identified,safety,1,1,institutional_channel:none_identified,EPSG:5070_50km_fixed
CONUS50-+00025-+00015,lower_48,compensation_outcome:across_the_board_raise,safety,1,1,compensation_outcome:across_the_board_raise,EPSG:5070_50km_fixed
CONUS50-+00025-+00015,lower_48,compensation_outcome:cola_cpi_adjustment,safety,1,1,compensation_outcome:cola_cpi_adjustment,EPSG:5070_50km_fixed
CONUS50-+00025-+00015,lower_48,timing_implementation:recurring,safety,1,1,timing_implementation:recurring,EPSG:5070_50km_fixed
CONUS50-+00025-+00015,lower_48,pressure_channel:none_identified,safety,1,1,pressure_channel:none_identified,EPSG:5070_50km_fixed
CONUS50-+00026-+00015,lower_48,compensation_outcome:base_wage_change,safety,1,1,compensation_outcome:base_wage_change,EPSG:5070_50km_fixed
CONUS50-+00026-+00015,lower_48,timing_implementation:recurring,safety,3,3,timing_implementation:recurring,EPSG:5070_50km_fixed
CONUS50-+00027-+00015,lower_48,institutional_channel:none_identified,safety,2,2,institutional_channel:none_identified,EPSG:5070_50km_fixed
CONUS50-+00027-+00015,lower_48,compensation_outcome:retroactive_pay,safety,2,2,compensation_outcome:retroactive_pay,EPSG:5070_50km_fixed
CONUS50-+00027-+00015,lower_48,timing_implementation:payroll_effective_date,safety,2,2,timing_implementation:payroll_effective_date,EPSG:5070_50km_fixed
CONUS50-+00027-+00015,lower_48,timing_implementation:retroactive,safety,2,2,timing_implementation:retroactive,EPSG:5070_50km_fixed
CONUS50-+00027-+00015,lower_48,pressure_channel:none_identified,safety,2,2,pressure_channel:none_identified,EPSG:5070_50km_fixed
CONUS50-+00026-+00015,lower_48,compensation_outcome:step_progression,safety,2,2,compensation_outcome:step_progression,EPSG:5070_50km_fixed
CONUS50-+00026-+00015,lower_48,pressure_channel:market_recruitment_retention,safety,2,2,pressure_channel:market_recruitment_retention,EPSG:5070_50km_fixed
CONUS50-+00027-+00016,lower_48,institutional_channel:none_identified,safety,4,4,institutional_channel:none_identified,EPSG:5070_50km_fixed
CONUS50-+00027-+00016,lower_48,compensation_outcome:stipend_or_premium,safety,2,2,compensation_outcome:stipend_or_premium,EPSG:5070_50km_fixed
CONUS50-+00027-+00016,lower_48,timing_implementation:recurring,safety,4,4,timing_implementation:recurring,EPSG:5070_50km_fixed
CONUS50-+00027-+00016,lower_48,pressure_channel:none_identified,safety,5,5,pressure_channel:none_identified,EPSG:5070_50km_fixed
CONUS50-+00028-+00017,lower_48,institutional_channel:budget_pay_plan_process,safety,1,1,institutional_channel:budget_pay_plan_process,EPSG:5070_50km_fixed
CONUS50-+00028-+00017,lower_48,compensation_outcome:stipend_or_premium,safety,1,1,compensation_outcome:stipend_or_premium,EPSG:5070_50km_fixed
CONUS50-+00028-+00017,lower_48,timing_implementation:budget_appropriation,safety,1,1,timing_implementation:budget_appropriation,EPSG:5070_50km_fixed
CONUS50-+00028-+00017,lower_48,timing_implementation:recurring,safety,1,1,timing_implementation:recurring,EPSG:5070_50km_fixed
CONUS50-+00028-+00017,lower_48,pressure_channel:fiscal_constraint,safety,1,1,pressure_channel:fiscal_constraint,EPSG:5070_50km_fixed
CONUS50-+00027-+00016,lower_48,compensation_outcome:benefit_cost_change,safety,1,1,compensation_outcome:benefit_cost_change,EPSG:5070_50km_fixed
CONUS50-+00027-+00016,lower_48,compensation_outcome:retroactive_pay,safety,2,2,compensation_outcome:retroactive_pay,EPSG:5070_50km_fixed
CONUS50-+00027-+00016,lower_48,timing_implementation:payroll_effective_date,safety,2,2,timing_implementation:payroll_effective_date,EPSG:5070_50km_fixed
CONUS50-+00027-+00016,lower_48,timing_implementation:retroactive,safety,2,2,timing_implementation:retroactive,EPSG:5070_50km_fixed
CONUS50-+00027-+00016,lower_48,compensation_outcome:base_wage_change,safety,1,1,compensation_outcome:base_wage_change,EPSG:5070_50km_fixed
CONUS50-+00027-+00016,lower_48,compensation_outcome:across_the_board_raise,safety,1,1,compensation_outcome:across_the_board_raise,EPSG:5070_50km_fixed
CONUS50-+00027-+00016,lower_48,institutional_channel:settlement_or_mou,safety,1,1,institutional_channel:settlement_or_mou,EPSG:5070_50km_fixed
CONUS50-+00027-+00016,lower_48,compensation_outcome:step_progression,safety,1,1,compensation_outcome:step_progression,EPSG:5070_50km_fixed
CONUS50-+00028-+00016,lower_48,institutional_channel:none_identified,safety,1,2,institutional_channel:none_identified,EPSG:5070_50km_fixed
CONUS50-+00028-+00016,lower_48,compensation_outcome:across_the_board_raise,safety,1,1,compensation_outcome:across_the_board_raise,EPSG:5070_50km_fixed
CONUS50-+00028-+00016,lower_48,compensation_outcome:cola_cpi_adjustment,safety,1,1,compensation_outcome:cola_cpi_adjustment,EPSG:5070_50km_fixed
CONUS50-+00028-+00016,lower_48,timing_implementation:recurring,safety,1,1,timing_implementation:recurring,EPSG:5070_50km_fixed
CONUS50-+00028-+00016,lower_48,pressure_channel:none_identified,safety,1,2,pressure_channel:none_identified,EPSG:5070_50km_fixed
CONUS50-+00028-+00016,lower_48,compensation_outcome:retroactive_pay,safety,1,1,compensation_outcome:retroactive_pay,EPSG:5070_50km_fixed
CONUS50-+00028-+00016,lower_48,timing_implementation:payroll_effective_date,safety,1,1,timing_implementation:payroll_effective_date,EPSG:5070_50km_fixed
CONUS50-+00028-+00016,lower_48,timing_implementation:retroactive,safety,1,1,timing_implementation:retroactive,EPSG:5070_50km_fixed
CONUS50-+00011-+00020,lower_48,institutional_channel:ordinance_council_adoption,safety,3,3,institutional_channel:ordinance_council_adoption,EPSG:5070_50km_fixed
CONUS50-+00011-+00020,lower_48,compensation_outcome:non_base_compensation_other,safety,2,2,compensation_outcome:non_base_compensation_other,EPSG:5070_50km_fixed
CONUS50-+00011-+00020,lower_48,timing_implementation:payroll_effective_date,safety,4,6,timing_implementation:payroll_effective_date,EPSG:5070_50km_fixed
CONUS50-+00011-+00020,lower_48,pressure_channel:none_identified,safety,4,6,pressure_channel:none_identified,EPSG:5070_50km_fixed
CONUS50-+00011-+00020,lower_48,institutional_channel:none_identified,safety,3,4,institutional_channel:none_identified,EPSG:5070_50km_fixed
CONUS50-+00011-+00020,lower_48,compensation_outcome:no_direct_compensation_outcome,safety,2,2,compensation_outcome:no_direct_compensation_outcome,EPSG:5070_50km_fixed
CONUS50-+00011-+00020,lower_48,timing_implementation:unclear,safety,1,1,timing_implementation:unclear,EPSG:5070_50km_fixed
CONUS50-+00014-+00018,lower_48,institutional_channel:none_identified,safety,24,30,institutional_channel:none_identified,EPSG:5070_50km_fixed
CONUS50-+00014-+00018,lower_48,compensation_outcome:retroactive_pay,safety,13,13,compensation_outcome:retroactive_pay,EPSG:5070_50km_fixed
CONUS50-+00014-+00018,lower_48,timing_implementation:payroll_effective_date,safety,20,21,timing_implementation:payroll_effective_date,EPSG:5070_50km_fixed
CONUS50-+00014-+00018,lower_48,timing_implementation:retroactive,safety,13,13,timing_implementation:retroactive,EPSG:5070_50km_fixed
CONUS50-+00014-+00018,lower_48,pressure_channel:none_identified,safety,24,31,pressure_channel:none_identified,EPSG:5070_50km_fixed
CONUS50-+00014-+00018,lower_48,compensation_outcome:across_the_board_raise,safety,3,3,compensation_outcome:across_the_board_raise,EPSG:5070_50km_fixed
CONUS50-+00014-+00018,lower_48,timing_implementation:recurring,safety,7,10,timing_implementation:recurring,EPSG:5070_50km_fixed
CONUS50-+00011-+00020,lower_48,institutional_channel:budget_pay_plan_process,safety,1,1,institutional_channel:budget_pay_plan_process,EPSG:5070_50km_fixed
CONUS50-+00011-+00020,lower_48,pressure_channel:fiscal_constraint,safety,1,1,pressure_channel:fiscal_constraint,EPSG:5070_50km_fixed
CONUS50-+00011-+00020,lower_48,compensation_outcome:base_wage_change,safety,1,1,compensation_outcome:base_wage_change,EPSG:5070_50km_fixed
CONUS50-+00011-+00020,lower_48,compensation_outcome:retroactive_pay,safety,2,3,compensation_outcome:retroactive_pay,EPSG:5070_50km_fixed
CONUS50-+00011-+00020,lower_48,timing_implementation:recurring,safety,1,1,timing_implementation:recurring,EPSG:5070_50km_fixed
CONUS50-+00011-+00020,lower_48,timing_implementation:retroactive,safety,2,3,timing_implementation:retroactive,EPSG:5070_50km_fixed
CONUS50-+00011-+00024,lower_48,institutional_channel:none_identified,safety,3,4,institutional_channel:none_identified,EPSG:5070_50km_fixed
CONUS50-+00011-+00024,lower_48,compensation_outcome:non_base_compensation_other,safety,3,3,compensation_outcome:non_base_compensation_other,EPSG:5070_50km_fixed
CONUS50-+00011-+00024,lower_48,timing_implementation:payroll_effective_date,safety,3,3,timing_implementation:payroll_effective_date,EPSG:5070_50km_fixed
CONUS50-+00011-+00024,lower_48,pressure_channel:none_identified,safety,3,4,pressure_channel:none_identified,EPSG:5070_50km_fixed
CONUS50-+00011-+00024,lower_48,compensation_outcome:retroactive_pay,safety,1,1,compensation_outcome:retroactive_pay,EPSG:5070_50km_fixed
CONUS50-+00011-+00024,lower_48,timing_implementation:one_time,safety,1,1,timing_implementation:one_time,EPSG:5070_50km_fixed
CONUS50-+00011-+00024,lower_48,timing_implementation:retroactive,safety,1,1,timing_implementation:retroactive,EPSG:5070_50km_fixed
CONUS50-+00011-+00022,lower_48,institutional_channel:none_identified,safety,4,4,institutional_channel:none_identified,EPSG:5070_50km_fixed
CONUS50-+00011-+00022,lower_48,compensation_outcome:non_base_compensation_other,safety,1,1,compensation_outcome:non_base_compensation_other,EPSG:5070_50km_fixed
CONUS50-+00011-+00022,lower_48,timing_implementation:payroll_effective_date,safety,3,3,timing_implementation:payroll_effective_date,EPSG:5070_50km_fixed
CONUS50-+00011-+00022,lower_48,pressure_channel:none_identified,safety,4,4,pressure_channel:none_identified,EPSG:5070_50km_fixed
CONUS50-+00011-+00023,lower_48,institutional_channel:budget_pay_plan_process,safety,3,3,institutional_channel:budget_pay_plan_process,EPSG:5070_50km_fixed
CONUS50-+00011-+00023,lower_48,compensation_outcome:benefit_cost_change,safety,1,1,compensation_outcome:benefit_cost_change,EPSG:5070_50km_fixed
CONUS50-+00011-+00023,lower_48,timing_implementation:payroll_effective_date,safety,2,2,timing_implementation:payroll_effective_date,EPSG:5070_50km_fixed
CONUS50-+00011-+00023,lower_48,pressure_channel:fiscal_constraint,safety,3,3,pressure_channel:fiscal_constraint,EPSG:5070_50km_fixed
CONUS50-+00011-+00023,lower_48,compensation_outcome:no_direct_compensation_outcome,safety,2,2,compensation_outcome:no_direct_compensation_outcome,EPSG:5070_50km_fixed
CONUS50-+00011-+00023,lower_48,timing_implementation:unclear,safety,1,1,timing_implementation:unclear,EPSG:5070_50km_fixed
CONUS50-+00011-+00023,lower_48,pressure_channel:vacancy_pressure,safety,1,1,pressure_channel:vacancy_pressure,EPSG:5070_50km_fixed
CONUS50-+00014-+00019,lower_48,institutional_channel:none_identified,safety,15,19,institutional_channel:none_identified,EPSG:5070_50km_fixed
CONUS50-+00014-+00019,lower_48,compensation_outcome:retroactive_pay,safety,12,12,compensation_outcome:retroactive_pay,EPSG:5070_50km_fixed
CONUS50-+00014-+00019,lower_48,timing_implementation:payroll_effective_date,safety,12,13,timing_implementation:payroll_effective_date,EPSG:5070_50km_fixed
CONUS50-+00014-+00019,lower_48,timing_implementation:retroactive,safety,12,12,timing_implementation:retroactive,EPSG:5070_50km_fixed
CONUS50-+00014-+00019,lower_48,pressure_channel:none_identified,safety,14,16,pressure_channel:none_identified,EPSG:5070_50km_fixed
CONUS50-+00014-+00019,lower_48,compensation_outcome:step_progression,safety,1,1,compensation_outcome:step_progression,EPSG:5070_50km_fixed
CONUS50-+00014-+00019,lower_48,timing_implementation:recurring,safety,7,7,timing_implementation:recurring,EPSG:5070_50km_fixed
CONUS50-+00014-+00019,lower_48,pressure_channel:vacancy_pressure,safety,1,1,pressure_channel:vacancy_pressure,EPSG:5070_50km_fixed
CONUS50-+00014-+00019,lower_48,compensation_outcome:across_the_board_raise,safety,3,3,compensation_outcome:across_the_board_raise,EPSG:5070_50km_fixed
CONUS50-+00014-+00019,lower_48,compensation_outcome:benefit_cost_change,safety,1,1,compensation_outcome:benefit_cost_change,EPSG:5070_50km_fixed
CONUS50-+00014-+00018,lower_48,compensation_outcome:non_base_compensation_other,safety,9,9,compensation_outcome:non_base_compensation_other,EPSG:5070_50km_fixed
CONUS50-+00014-+00018,lower_48,timing_implementation:unclear,safety,3,3,timing_implementation:unclear,EPSG:5070_50km_fixed
CONUS50-+00014-+00018,lower_48,timing_implementation:one_time,safety,4,4,timing_implementation:one_time,EPSG:5070_50km_fixed
CONUS50-+00012-+00024,lower_48,institutional_channel:none_identified,safety,2,2,institutional_channel:none_identified,EPSG:5070_50km_fixed
CONUS50-+00012-+00024,lower_48,compensation_outcome:non_base_compensation_other,safety,2,2,compensation_outcome:non_base_compensation_other,EPSG:5070_50km_fixed
CONUS50-+00012-+00024,lower_48,timing_implementation:payroll_effective_date,safety,3,3,timing_implementation:payroll_effective_date,EPSG:5070_50km_fixed
CONUS50-+00012-+00024,lower_48,pressure_channel:none_identified,safety,2,2,pressure_channel:none_identified,EPSG:5070_50km_fixed
CONUS50-+00013-+00020,lower_48,institutional_channel:none_identified,safety,10,11,institutional_channel:none_identified,EPSG:5070_50km_fixed
CONUS50-+00013-+00020,lower_48,compensation_outcome:non_base_compensation_other,safety,3,3,compensation_outcome:non_base_compensation_other,EPSG:5070_50km_fixed
CONUS50-+00013-+00020,lower_48,timing_implementation:payroll_effective_date,safety,10,11,timing_implementation:payroll_effective_date,EPSG:5070_50km_fixed
CONUS50-+00013-+00020,lower_48,pressure_channel:none_identified,safety,10,11,pressure_channel:none_identified,EPSG:5070_50km_fixed
CONUS50-+00011-+00019,lower_48,timing_implementation:one_time,safety,1,1,timing_implementation:one_time,EPSG:5070_50km_fixed
CONUS50-+00011-+00019,lower_48,compensation_outcome:base_wage_change,safety,1,1,compensation_outcome:base_wage_change,EPSG:5070_50km_fixed
CONUS50-+00013-+00020,lower_48,compensation_outcome:across_the_board_raise,safety,1,1,compensation_outcome:across_the_board_raise,EPSG:5070_50km_fixed
CONUS50-+00013-+00020,lower_48,compensation_outcome:step_progression,safety,1,1,compensation_outcome:step_progression,EPSG:5070_50km_fixed
CONUS50-+00013-+00020,lower_48,timing_implementation:recurring,safety,1,1,timing_implementation:recurring,EPSG:5070_50km_fixed
CONUS50-+00013-+00020,lower_48,compensation_outcome:retroactive_pay,safety,7,7,compensation_outcome:retroactive_pay,EPSG:5070_50km_fixed
CONUS50-+00013-+00020,lower_48,timing_implementation:retroactive,safety,7,7,timing_implementation:retroactive,EPSG:5070_50km_fixed
CONUS50-+00012-+00020,lower_48,institutional_channel:none_identified,safety,10,11,institutional_channel:none_identified,EPSG:5070_50km_fixed
CONUS50-+00012-+00020,lower_48,compensation_outcome:retroactive_pay,safety,9,9,compensation_outcome:retroactive_pay,EPSG:5070_50km_fixed
CONUS50-+00012-+00020,lower_48,timing_implementation:payroll_effective_date,safety,9,9,timing_implementation:payroll_effective_date,EPSG:5070_50km_fixed
CONUS50-+00012-+00020,lower_48,timing_implementation:retroactive,safety,9,9,timing_implementation:retroactive,EPSG:5070_50km_fixed
CONUS50-+00012-+00020,lower_48,pressure_channel:none_identified,safety,10,11,pressure_channel:none_identified,EPSG:5070_50km_fixed
CONUS50-+00012-+00020,lower_48,compensation_outcome:holiday_pay,safety,1,1,compensation_outcome:holiday_pay,EPSG:5070_50km_fixed
CONUS50-+00012-+00020,lower_48,compensation_outcome:lump_sum,safety,1,1,compensation_outcome:lump_sum,EPSG:5070_50km_fixed
CONUS50-+00012-+00020,lower_48,timing_implementation:one_time,safety,3,3,timing_implementation:one_time,EPSG:5070_50km_fixed
CONUS50-+00012-+00023,lower_48,institutional_channel:none_identified,safety,4,5,institutional_channel:none_identified,EPSG:5070_50km_fixed
CONUS50-+00012-+00023,lower_48,compensation_outcome:retroactive_pay,safety,4,4,compensation_outcome:retroactive_pay,EPSG:5070_50km_fixed
CONUS50-+00012-+00023,lower_48,timing_implementation:payroll_effective_date,safety,4,4,timing_implementation:payroll_effective_date,EPSG:5070_50km_fixed
CONUS50-+00012-+00023,lower_48,timing_implementation:retroactive,safety,4,4,timing_implementation:retroactive,EPSG:5070_50km_fixed
CONUS50-+00012-+00023,lower_48,pressure_channel:none_identified,safety,4,5,pressure_channel:none_identified,EPSG:5070_50km_fixed
CONUS50-+00011-+00022,lower_48,compensation_outcome:cola_cpi_adjustment,safety,1,1,compensation_outcome:cola_cpi_adjustment,EPSG:5070_50km_fixed
CONUS50-+00011-+00022,lower_48,timing_implementation:recurring,safety,2,2,timing_implementation:recurring,EPSG:5070_50km_fixed
CONUS50-+00011-+00022,lower_48,pressure_channel:inflation_indexing,safety,1,1,pressure_channel:inflation_indexing,EPSG:5070_50km_fixed
CONUS50-+00014-+00020,lower_48,institutional_channel:budget_pay_plan_process,safety,1,1,institutional_channel:budget_pay_plan_process,EPSG:5070_50km_fixed
CONUS50-+00014-+00020,lower_48,compensation_outcome:no_direct_compensation_outcome,safety,1,1,compensation_outcome:no_direct_compensation_outcome,EPSG:5070_50km_fixed
CONUS50-+00014-+00020,lower_48,timing_implementation:budget_appropriation,safety,1,1,timing_implementation:budget_appropriation,EPSG:5070_50km_fixed
CONUS50-+00014-+00020,lower_48,timing_implementation:payroll_effective_date,safety,1,1,timing_implementation:payroll_effective_date,EPSG:5070_50km_fixed
CONUS50-+00014-+00020,lower_48,pressure_channel:fiscal_constraint,safety,1,1,pressure_channel:fiscal_constraint,EPSG:5070_50km_fixed
CONUS50-+00011-+00022,lower_48,compensation_outcome:longevity,safety,1,1,compensation_outcome:longevity,EPSG:5070_50km_fixed
CONUS50-+00010-+00023,lower_48,institutional_channel:none_identified,safety,1,1,institutional_channel:none_identified,EPSG:5070_50km_fixed
CONUS50-+00010-+00023,lower_48,compensation_outcome:retroactive_pay,safety,1,1,compensation_outcome:retroactive_pay,EPSG:5070_50km_fixed
CONUS50-+00010-+00023,lower_48,timing_implementation:payroll_effective_date,safety,1,1,timing_implementation:payroll_effective_date,EPSG:5070_50km_fixed
CONUS50-+00010-+00023,lower_48,timing_implementation:retroactive,safety,1,1,timing_implementation:retroactive,EPSG:5070_50km_fixed
CONUS50-+00010-+00023,lower_48,pressure_channel:none_identified,safety,1,1,pressure_channel:none_identified,EPSG:5070_50km_fixed
CONUS50-+00008-+00027,lower_48,institutional_channel:none_identified,safety,2,2,institutional_channel:none_identified,EPSG:5070_50km_fixed
CONUS50-+00008-+00027,lower_48,compensation_outcome:retroactive_pay,safety,2,2,compensation_outcome:retroactive_pay,EPSG:5070_50km_fixed
CONUS50-+00008-+00027,lower_48,timing_implementation:one_time,safety,1,1,timing_implementation:one_time,EPSG:5070_50km_fixed
CONUS50-+00008-+00027,lower_48,timing_implementation:retroactive,safety,2,2,timing_implementation:retroactive,EPSG:5070_50km_fixed
CONUS50-+00008-+00027,lower_48,pressure_channel:none_identified,safety,2,2,pressure_channel:none_identified,EPSG:5070_50km_fixed
CONUS50-+00008-+00027,lower_48,timing_implementation:payroll_effective_date,safety,1,1,timing_implementation:payroll_effective_date,EPSG:5070_50km_fixed
CONUS50-+00012-+00023,lower_48,compensation_outcome:uniform_or_equipment_allowance,safety,1,1,compensation_outcome:uniform_or_equipment_allowance,EPSG:5070_50km_fixed
CONUS50-+00012-+00023,lower_48,timing_implementation:recurring,safety,1,1,timing_implementation:recurring,EPSG:5070_50km_fixed
CONUS50-+00011-+00021,lower_48,institutional_channel:budget_pay_plan_process,safety,1,1,institutional_channel:budget_pay_plan_process,EPSG:5070_50km_fixed
CONUS50-+00011-+00021,lower_48,compensation_outcome:retroactive_pay,safety,2,2,compensation_outcome:retroactive_pay,EPSG:5070_50km_fixed
CONUS50-+00011-+00021,lower_48,timing_implementation:budget_appropriation,safety,1,1,timing_implementation:budget_appropriation,EPSG:5070_50km_fixed
CONUS50-+00011-+00021,lower_48,timing_implementation:payroll_effective_date,safety,2,2,timing_implementation:payroll_effective_date,EPSG:5070_50km_fixed
CONUS50-+00011-+00021,lower_48,timing_implementation:retroactive,safety,2,2,timing_implementation:retroactive,EPSG:5070_50km_fixed
CONUS50-+00011-+00021,lower_48,pressure_channel:fiscal_constraint,safety,1,1,pressure_channel:fiscal_constraint,EPSG:5070_50km_fixed
CONUS50-+00011-+00021,lower_48,institutional_channel:none_identified,safety,1,1,institutional_channel:none_identified,EPSG:5070_50km_fixed
CONUS50-+00011-+00021,lower_48,pressure_channel:none_identified,safety,1,1,pressure_channel:none_identified,EPSG:5070_50km_fixed
CONUS50-+00014-+00018,lower_48,institutional_channel:settlement_or_mou,safety,2,2,institutional_channel:settlement_or_mou,EPSG:5070_50km_fixed
CONUS50-+00014-+00018,lower_48,compensation_outcome:uniform_or_equipment_allowance,safety,1,1,compensation_outcome:uniform_or_equipment_allowance,EPSG:5070_50km_fixed
CONUS50-+00014-+00018,lower_48,compensation_outcome:base_wage_change,safety,1,1,compensation_outcome:base_wage_change,EPSG:5070_50km_fixed
CONUS50-+00014-+00018,lower_48,compensation_outcome:step_progression,safety,4,4,compensation_outcome:step_progression,EPSG:5070_50km_fixed
CONUS50-+00010-+00022,lower_48,institutional_channel:none_identified,safety,2,3,institutional_channel:none_identified,EPSG:5070_50km_fixed
CONUS50-+00010-+00022,lower_48,compensation_outcome:non_base_compensation_other,safety,1,1,compensation_outcome:non_base_compensation_other,EPSG:5070_50km_fixed
CONUS50-+00010-+00022,lower_48,timing_implementation:payroll_effective_date,safety,3,4,timing_implementation:payroll_effective_date,EPSG:5070_50km_fixed
CONUS50-+00010-+00022,lower_48,pressure_channel:none_identified,safety,3,4,pressure_channel:none_identified,EPSG:5070_50km_fixed
CONUS50-+00010-+00022,lower_48,institutional_channel:ordinance_council_adoption,safety,1,1,institutional_channel:ordinance_council_adoption,EPSG:5070_50km_fixed
CONUS50-+00010-+00022,lower_48,compensation_outcome:no_direct_compensation_outcome,safety,2,2,compensation_outcome:no_direct_compensation_outcome,EPSG:5070_50km_fixed
CONUS50-+00010-+00022,lower_48,timing_implementation:ordinance_adoption,safety,1,1,timing_implementation:ordinance_adoption,EPSG:5070_50km_fixed
CONUS50-+00013-+00019,lower_48,institutional_channel:none_identified,safety,14,15,institutional_channel:none_identified,EPSG:5070_50km_fixed
CONUS50-+00013-+00019,lower_48,compensation_outcome:overtime,safety,2,2,compensation_outcome:overtime,EPSG:5070_50km_fixed
CONUS50-+00013-+00019,lower_48,timing_implementation:payroll_effective_date,safety,13,13,timing_implementation:payroll_effective_date,EPSG:5070_50km_fixed
CONUS50-+00013-+00019,lower_48,timing_implementation:recurring,safety,3,3,timing_implementation:recurring,EPSG:5070_50km_fixed
CONUS50-+00013-+00019,lower_48,pressure_channel:market_recruitment_retention,safety,3,3,pressure_channel:market_recruitment_retention,EPSG:5070_50km_fixed
CONUS50-+00013-+00019,lower_48,compensation_outcome:base_wage_change,safety,1,1,compensation_outcome:base_wage_change,EPSG:5070_50km_fixed
CONUS50-+00013-+00019,lower_48,compensation_outcome:no_direct_compensation_outcome,safety,1,1,compensation_outcome:no_direct_compensation_outcome,EPSG:5070_50km_fixed
CONUS50-+00013-+00019,lower_48,timing_implementation:unclear,safety,1,1,timing_implementation:unclear,EPSG:5070_50km_fixed
CONUS50-+00014-+00019,lower_48,compensation_outcome:stipend_or_premium,safety,2,2,compensation_outcome:stipend_or_premium,EPSG:5070_50km_fixed
CONUS50-+00013-+00019,lower_48,compensation_outcome:retroactive_pay,safety,11,11,compensation_outcome:retroactive_pay,EPSG:5070_50km_fixed
CONUS50-+00013-+00019,lower_48,timing_implementation:retroactive,safety,11,11,timing_implementation:retroactive,EPSG:5070_50km_fixed
CONUS50-+00013-+00019,lower_48,pressure_channel:none_identified,safety,11,12,pressure_channel:none_identified,EPSG:5070_50km_fixed
CONUS50-+00012-+00024,lower_48,institutional_channel:budget_pay_plan_process,safety,1,1,institutional_channel:budget_pay_plan_process,EPSG:5070_50km_fixed
CONUS50-+00012-+00024,lower_48,compensation_outcome:no_direct_compensation_outcome,safety,1,1,compensation_outcome:no_direct_compensation_outcome,EPSG:5070_50km_fixed
CONUS50-+00012-+00024,lower_48,pressure_channel:fiscal_constraint,safety,1,1,pressure_channel:fiscal_constraint,EPSG:5070_50km_fixed
CONUS50-+00012-+00020,lower_48,compensation_outcome:classification_band_change,safety,1,1,compensation_outcome:classification_band_change,EPSG:5070_50km_fixed
CONUS50-+00012-+00020,lower_48,compensation_outcome:across_the_board_raise,safety,1,1,compensation_outcome:across_the_board_raise,EPSG:5070_50km_fixed
CONUS50-+00012-+00020,lower_48,timing_implementation:recurring,safety,1,1,timing_implementation:recurring,EPSG:5070_50km_fixed
CONUS50-+00009-+00026,lower_48,institutional_channel:none_identified,safety,1,1,institutional_channel:none_identified,EPSG:5070_50km_fixed
CONUS50-+00009-+00026,lower_48,compensation_outcome:non_base_compensation_other,safety,1,1,compensation_outcome:non_base_compensation_other,EPSG:5070_50km_fixed
CONUS50-+00009-+00026,lower_48,timing_implementation:payroll_effective_date,safety,1,1,timing_implementation:payroll_effective_date,EPSG:5070_50km_fixed
CONUS50-+00009-+00026,lower_48,pressure_channel:none_identified,safety,1,1,pressure_channel:none_identified,EPSG:5070_50km_fixed
CONUS50-+00013-+00019,lower_48,timing_implementation:contract_ratification,safety,1,1,timing_implementation:contract_ratification,EPSG:5070_50km_fixed
CONUS50-+00014-+00019,lower_48,compensation_outcome:non_base_compensation_other,safety,1,1,compensation_outcome:non_base_compensation_other,EPSG:5070_50km_fixed
CONUS50-+00014-+00019,lower_48,timing_implementation:one_time,safety,2,2,timing_implementation:one_time,EPSG:5070_50km_fixed
CONUS50-+00014-+00019,lower_48,compensation_outcome:uniform_or_equipment_allowance,safety,1,1,compensation_outcome:uniform_or_equipment_allowance,EPSG:5070_50km_fixed
CONUS50-+00014-+00019,lower_48,pressure_channel:fiscal_constraint,safety,2,2,pressure_channel:fiscal_constraint,EPSG:5070_50km_fixed
CONUS50-+00012-+00019,lower_48,institutional_channel:none_identified,safety,2,2,institutional_channel:none_identified,EPSG:5070_50km_fixed
CONUS50-+00012-+00019,lower_48,compensation_outcome:across_the_board_raise,safety,1,1,compensation_outcome:across_the_board_raise,EPSG:5070_50km_fixed
CONUS50-+00012-+00019,lower_48,timing_implementation:payroll_effective_date,safety,2,3,timing_implementation:payroll_effective_date,EPSG:5070_50km_fixed
CONUS50-+00012-+00019,lower_48,pressure_channel:none_identified,safety,2,2,pressure_channel:none_identified,EPSG:5070_50km_fixed
CONUS50-+00012-+00019,lower_48,compensation_outcome:retroactive_pay,safety,1,1,compensation_outcome:retroactive_pay,EPSG:5070_50km_fixed
CONUS50-+00012-+00019,lower_48,timing_implementation:budget_appropriation,safety,1,1,timing_implementation:budget_appropriation,EPSG:5070_50km_fixed
CONUS50-+00012-+00019,lower_48,timing_implementation:retroactive,safety,1,1,timing_implementation:retroactive,EPSG:5070_50km_fixed
CONUS50-+00010-+00022,lower_48,institutional_channel:budget_pay_plan_process,safety,1,1,institutional_channel:budget_pay_plan_process,EPSG:5070_50km_fixed
CONUS50-+00010-+00022,lower_48,pressure_channel:fiscal_constraint,safety,1,1,pressure_channel:fiscal_constraint,EPSG:5070_50km_fixed
CONUS50-+00015-+00019,lower_48,institutional_channel:none_identified,safety,3,5,institutional_channel:none_identified,EPSG:5070_50km_fixed
CONUS50-+00015-+00019,lower_48,compensation_outcome:across_the_board_raise,safety,3,3,compensation_outcome:across_the_board_raise,EPSG:5070_50km_fixed
CONUS50-+00015-+00019,lower_48,timing_implementation:payroll_effective_date,safety,3,5,timing_implementation:payroll_effective_date,EPSG:5070_50km_fixed
CONUS50-+00015-+00019,lower_48,timing_implementation:recurring,safety,3,3,timing_implementation:recurring,EPSG:5070_50km_fixed
CONUS50-+00015-+00019,lower_48,pressure_channel:none_identified,safety,3,5,pressure_channel:none_identified,EPSG:5070_50km_fixed
CONUS50-+00015-+00019,lower_48,compensation_outcome:stipend_or_premium,safety,1,1,compensation_outcome:stipend_or_premium,EPSG:5070_50km_fixed
CONUS50-+00015-+00019,lower_48,compensation_outcome:retroactive_pay,safety,2,2,compensation_outcome:retroactive_pay,EPSG:5070_50km_fixed
CONUS50-+00015-+00019,lower_48,timing_implementation:retroactive,safety,2,2,timing_implementation:retroactive,EPSG:5070_50km_fixed
CONUS50-+00013-+00019,lower_48,timing_implementation:one_time,safety,2,2,timing_implementation:one_time,EPSG:5070_50km_fixed
CONUS50-+00011-+00022,lower_48,compensation_outcome:retroactive_pay,safety,2,2,compensation_outcome:retroactive_pay,EPSG:5070_50km_fixed
CONUS50-+00011-+00022,lower_48,timing_implementation:retroactive,safety,2,2,timing_implementation:retroactive,EPSG:5070_50km_fixed
CONUS50-+00011-+00022,lower_48,institutional_channel:ordinance_council_adoption,safety,1,1,institutional_channel:ordinance_council_adoption,EPSG:5070_50km_fixed
CONUS50-+00013-+00023,lower_48,institutional_channel:none_identified,safety,1,1,institutional_channel:none_identified,EPSG:5070_50km_fixed
CONUS50-+00013-+00023,lower_48,compensation_outcome:retroactive_pay,safety,1,1,compensation_outcome:retroactive_pay,EPSG:5070_50km_fixed
CONUS50-+00013-+00023,lower_48,timing_implementation:one_time,safety,1,1,timing_implementation:one_time,EPSG:5070_50km_fixed
CONUS50-+00013-+00023,lower_48,timing_implementation:retroactive,safety,1,1,timing_implementation:retroactive,EPSG:5070_50km_fixed
CONUS50-+00013-+00023,lower_48,pressure_channel:none_identified,safety,1,1,pressure_channel:none_identified,EPSG:5070_50km_fixed
CONUS50-+00013-+00019,lower_48,institutional_channel:budget_pay_plan_process,safety,1,1,institutional_channel:budget_pay_plan_process,EPSG:5070_50km_fixed
CONUS50-+00013-+00019,lower_48,compensation_outcome:benefit_cost_change,safety,1,1,compensation_outcome:benefit_cost_change,EPSG:5070_50km_fixed
CONUS50-+00013-+00019,lower_48,pressure_channel:fiscal_constraint,safety,1,1,pressure_channel:fiscal_constraint,EPSG:5070_50km_fixed
CONUS50-+00010-+00022,lower_48,compensation_outcome:across_the_board_raise,safety,1,1,compensation_outcome:across_the_board_raise,EPSG:5070_50km_fixed
CONUS50-+00010-+00022,lower_48,timing_implementation:recurring,safety,1,1,timing_implementation:recurring,EPSG:5070_50km_fixed
CONUS50-+00010-+00022,lower_48,compensation_outcome:retroactive_pay,safety,1,1,compensation_outcome:retroactive_pay,EPSG:5070_50km_fixed
CONUS50-+00010-+00022,lower_48,timing_implementation:retroactive,safety,1,1,timing_implementation:retroactive,EPSG:5070_50km_fixed
CONUS50-+00012-+00019,lower_48,compensation_outcome:benefit_cost_change,safety,1,1,compensation_outcome:benefit_cost_change,EPSG:5070_50km_fixed
CONUS50-+00012-+00021,lower_48,institutional_channel:none_identified,safety,5,7,institutional_channel:none_identified,EPSG:5070_50km_fixed
CONUS50-+00012-+00021,lower_48,compensation_outcome:non_base_compensation_other,safety,4,4,compensation_outcome:non_base_compensation_other,EPSG:5070_50km_fixed
CONUS50-+00012-+00021,lower_48,timing_implementation:payroll_effective_date,safety,4,6,timing_implementation:payroll_effective_date,EPSG:5070_50km_fixed
CONUS50-+00012-+00021,lower_48,pressure_channel:none_identified,safety,5,5,pressure_channel:none_identified,EPSG:5070_50km_fixed
CONUS50-+00012-+00021,lower_48,compensation_outcome:retroactive_pay,safety,1,1,compensation_outcome:retroactive_pay,EPSG:5070_50km_fixed
CONUS50-+00012-+00021,lower_48,timing_implementation:one_time,safety,1,1,timing_implementation:one_time,EPSG:5070_50km_fixed
CONUS50-+00012-+00021,lower_48,timing_implementation:retroactive,safety,1,1,timing_implementation:retroactive,EPSG:5070_50km_fixed
CONUS50-+00012-+00021,lower_48,compensation_outcome:cola_cpi_adjustment,safety,2,2,compensation_outcome:cola_cpi_adjustment,EPSG:5070_50km_fixed
CONUS50-+00012-+00021,lower_48,timing_implementation:recurring,safety,2,2,timing_implementation:recurring,EPSG:5070_50km_fixed
CONUS50-+00012-+00021,lower_48,pressure_channel:inflation_indexing,safety,2,2,pressure_channel:inflation_indexing,EPSG:5070_50km_fixed
CONUS50-+00003-+00025,lower_48,institutional_channel:budget_pay_plan_process,safety,3,3,institutional_channel:budget_pay_plan_process,EPSG:5070_50km_fixed
CONUS50-+00003-+00025,lower_48,institutional_channel:ordinance_council_adoption,safety,2,2,institutional_channel:ordinance_council_adoption,EPSG:5070_50km_fixed
CONUS50-+00003-+00025,lower_48,compensation_outcome:no_direct_compensation_outcome,safety,2,2,compensation_outcome:no_direct_compensation_outcome,EPSG:5070_50km_fixed
CONUS50-+00003-+00025,lower_48,timing_implementation:ordinance_adoption,safety,1,1,timing_implementation:ordinance_adoption,EPSG:5070_50km_fixed
CONUS50-+00003-+00025,lower_48,pressure_channel:fiscal_constraint,safety,3,3,pressure_channel:fiscal_constraint,EPSG:5070_50km_fixed
CONUS50-+00000-+00027,lower_48,institutional_channel:none_identified,safety,4,4,institutional_channel:none_identified,EPSG:5070_50km_fixed
CONUS50-+00000-+00027,lower_48,compensation_outcome:retroactive_pay,safety,3,3,compensation_outcome:retroactive_pay,EPSG:5070_50km_fixed
CONUS50-+00000-+00027,lower_48,timing_implementation:payroll_effective_date,safety,4,4,timing_implementation:payroll_effective_date,EPSG:5070_50km_fixed
CONUS50-+00000-+00027,lower_48,timing_implementation:retroactive,safety,3,3,timing_implementation:retroactive,EPSG:5070_50km_fixed
CONUS50-+00000-+00027,lower_48,pressure_channel:none_identified,safety,4,4,pressure_channel:none_identified,EPSG:5070_50km_fixed
CONUS50-+00002-+00029,lower_48,institutional_channel:none_identified,safety,8,9,institutional_channel:none_identified,EPSG:5070_50km_fixed
CONUS50-+00002-+00029,lower_48,compensation_outcome:non_base_compensation_other,safety,3,3,compensation_outcome:non_base_compensation_other,EPSG:5070_50km_fixed
CONUS50-+00002-+00029,lower_48,timing_implementation:payroll_effective_date,safety,6,7,timing_implementation:payroll_effective_date,EPSG:5070_50km_fixed
CONUS50-+00002-+00029,lower_48,pressure_channel:none_identified,safety,9,10,pressure_channel:none_identified,EPSG:5070_50km_fixed
CONUS50-+00002-+00029,lower_48,compensation_outcome:uniform_or_equipment_allowance,safety,2,2,compensation_outcome:uniform_or_equipment_allowance,EPSG:5070_50km_fixed
CONUS50-+00002-+00029,lower_48,timing_implementation:recurring,safety,3,3,timing_implementation:recurring,EPSG:5070_50km_fixed
CONUS50-+00002-+00027,lower_48,institutional_channel:none_identified,safety,5,6,institutional_channel:none_identified,EPSG:5070_50km_fixed
CONUS50-+00002-+00027,lower_48,compensation_outcome:non_base_compensation_other,safety,2,2,compensation_outcome:non_base_compensation_other,EPSG:5070_50km_fixed
CONUS50-+00002-+00027,lower_48,timing_implementation:payroll_effective_date,safety,7,8,timing_implementation:payroll_effective_date,EPSG:5070_50km_fixed
CONUS50-+00002-+00027,lower_48,pressure_channel:none_identified,safety,5,6,pressure_channel:none_identified,EPSG:5070_50km_fixed
CONUS50-+00002-+00027,lower_48,compensation_outcome:step_progression,safety,2,2,compensation_outcome:step_progression,EPSG:5070_50km_fixed
CONUS50-+00002-+00027,lower_48,timing_implementation:recurring,safety,2,2,timing_implementation:recurring,EPSG:5070_50km_fixed
CONUS50-+00001-+00031,lower_48,institutional_channel:none_identified,safety,1,2,institutional_channel:none_identified,EPSG:5070_50km_fixed
CONUS50-+00001-+00031,lower_48,compensation_outcome:non_base_compensation_other,safety,1,1,compensation_outcome:non_base_compensation_other,EPSG:5070_50km_fixed
CONUS50-+00001-+00031,lower_48,timing_implementation:unclear,safety,1,1,timing_implementation:unclear,EPSG:5070_50km_fixed
CONUS50-+00001-+00031,lower_48,pressure_channel:none_identified,safety,2,3,pressure_channel:none_identified,EPSG:5070_50km_fixed
CONUS50-+00001-+00031,lower_48,compensation_outcome:retroactive_pay,safety,1,1,compensation_outcome:retroactive_pay,EPSG:5070_50km_fixed
CONUS50-+00001-+00031,lower_48,timing_implementation:payroll_effective_date,safety,1,1,timing_implementation:payroll_effective_date,EPSG:5070_50km_fixed
CONUS50-+00001-+00031,lower_48,timing_implementation:retroactive,safety,1,1,timing_implementation:retroactive,EPSG:5070_50km_fixed
CONUS50-+00001-+00031,lower_48,institutional_channel:settlement_or_mou,safety,1,1,institutional_channel:settlement_or_mou,EPSG:5070_50km_fixed
CONUS50-+00001-+00031,lower_48,compensation_outcome:stipend_or_premium,safety,1,1,compensation_outcome:stipend_or_premium,EPSG:5070_50km_fixed
CONUS50-+00001-+00031,lower_48,timing_implementation:recurring,safety,1,1,timing_implementation:recurring,EPSG:5070_50km_fixed
CONUS50-+00002-+00026,lower_48,institutional_channel:none_identified,safety,4,6,institutional_channel:none_identified,EPSG:5070_50km_fixed
CONUS50-+00002-+00026,lower_48,compensation_outcome:retroactive_pay,safety,5,5,compensation_outcome:retroactive_pay,EPSG:5070_50km_fixed
CONUS50-+00002-+00026,lower_48,timing_implementation:payroll_effective_date,safety,5,5,timing_implementation:payroll_effective_date,EPSG:5070_50km_fixed
CONUS50-+00002-+00026,lower_48,timing_implementation:retroactive,safety,5,5,timing_implementation:retroactive,EPSG:5070_50km_fixed
CONUS50-+00002-+00026,lower_48,pressure_channel:none_identified,safety,5,7,pressure_channel:none_identified,EPSG:5070_50km_fixed
CONUS50-+00002-+00026,lower_48,compensation_outcome:across_the_board_raise,safety,1,1,compensation_outcome:across_the_board_raise,EPSG:5070_50km_fixed
CONUS50-+00002-+00026,lower_48,compensation_outcome:classification_band_change,safety,1,1,compensation_outcome:classification_band_change,EPSG:5070_50km_fixed
CONUS50-+00002-+00026,lower_48,timing_implementation:unclear,safety,2,2,timing_implementation:unclear,EPSG:5070_50km_fixed
CONUS50-+00005-+00024,lower_48,institutional_channel:none_identified,safety,5,5,institutional_channel:none_identified,EPSG:5070_50km_fixed
CONUS50-+00005-+00024,lower_48,compensation_outcome:retroactive_pay,safety,2,2,compensation_outcome:retroactive_pay,EPSG:5070_50km_fixed
CONUS50-+00005-+00024,lower_48,timing_implementation:payroll_effective_date,safety,5,5,timing_implementation:payroll_effective_date,EPSG:5070_50km_fixed
CONUS50-+00005-+00024,lower_48,timing_implementation:retroactive,safety,2,2,timing_implementation:retroactive,EPSG:5070_50km_fixed
CONUS50-+00005-+00024,lower_48,pressure_channel:none_identified,safety,5,5,pressure_channel:none_identified,EPSG:5070_50km_fixed
CONUS50-+00004-+00025,lower_48,institutional_channel:none_identified,safety,6,6,institutional_channel:none_identified,EPSG:5070_50km_fixed
CONUS50-+00004-+00025,lower_48,compensation_outcome:non_base_compensation_other,safety,1,1,compensation_outcome:non_base_compensation_other,EPSG:5070_50km_fixed
CONUS50-+00004-+00025,lower_48,timing_implementation:payroll_effective_date,safety,4,4,timing_implementation:payroll_effective_date,EPSG:5070_50km_fixed
CONUS50-+00004-+00025,lower_48,pressure_channel:none_identified,safety,4,4,pressure_channel:none_identified,EPSG:5070_50km_fixed
CONUS50-+00004-+00025,lower_48,compensation_outcome:cola_cpi_adjustment,safety,2,2,compensation_outcome:cola_cpi_adjustment,EPSG:5070_50km_fixed
CONUS50-+00004-+00025,lower_48,timing_implementation:ordinance_adoption,safety,2,2,timing_implementation:ordinance_adoption,EPSG:5070_50km_fixed
CONUS50-+00004-+00025,lower_48,timing_implementation:recurring,safety,3,3,timing_implementation:recurring,EPSG:5070_50km_fixed
CONUS50-+00004-+00025,lower_48,pressure_channel:inflation_indexing,safety,2,2,pressure_channel:inflation_indexing,EPSG:5070_50km_fixed
CONUS50-+00001-+00028,lower_48,institutional_channel:none_identified,safety,3,3,institutional_channel:none_identified,EPSG:5070_50km_fixed
CONUS50-+00001-+00028,lower_48,compensation_outcome:retroactive_pay,safety,3,3,compensation_outcome:retroactive_pay,EPSG:5070_50km_fixed
CONUS50-+00001-+00028,lower_48,timing_implementation:payroll_effective_date,safety,3,3,timing_implementation:payroll_effective_date,EPSG:5070_50km_fixed
CONUS50-+00001-+00028,lower_48,timing_implementation:retroactive,safety,3,3,timing_implementation:retroactive,EPSG:5070_50km_fixed
CONUS50-+00001-+00028,lower_48,pressure_channel:none_identified,safety,3,3,pressure_channel:none_identified,EPSG:5070_50km_fixed
CONUS50-+00003-+00030,lower_48,institutional_channel:none_identified,safety,4,4,institutional_channel:none_identified,EPSG:5070_50km_fixed
CONUS50-+00003-+00030,lower_48,compensation_outcome:base_wage_change,safety,3,3,compensation_outcome:base_wage_change,EPSG:5070_50km_fixed
CONUS50-+00003-+00030,lower_48,compensation_outcome:retroactive_pay,safety,3,3,compensation_outcome:retroactive_pay,EPSG:5070_50km_fixed
CONUS50-+00003-+00030,lower_48,timing_implementation:payroll_effective_date,safety,3,3,timing_implementation:payroll_effective_date,EPSG:5070_50km_fixed
CONUS50-+00003-+00030,lower_48,timing_implementation:recurring,safety,4,4,timing_implementation:recurring,EPSG:5070_50km_fixed
CONUS50-+00003-+00030,lower_48,timing_implementation:retroactive,safety,3,3,timing_implementation:retroactive,EPSG:5070_50km_fixed
CONUS50-+00003-+00030,lower_48,pressure_channel:none_identified,safety,4,4,pressure_channel:none_identified,EPSG:5070_50km_fixed
CONUS50-+00002-+00029,lower_48,compensation_outcome:benefit_cost_change,safety,1,1,compensation_outcome:benefit_cost_change,EPSG:5070_50km_fixed
CONUS50-+00002-+00029,lower_48,compensation_outcome:across_the_board_raise,safety,1,1,compensation_outcome:across_the_board_raise,EPSG:5070_50km_fixed
CONUS50-+00003-+00027,lower_48,institutional_channel:none_identified,safety,4,4,institutional_channel:none_identified,EPSG:5070_50km_fixed
CONUS50-+00003-+00027,lower_48,compensation_outcome:across_the_board_raise,safety,1,1,compensation_outcome:across_the_board_raise,EPSG:5070_50km_fixed
CONUS50-+00003-+00027,lower_48,compensation_outcome:classification_band_change,safety,1,1,compensation_outcome:classification_band_change,EPSG:5070_50km_fixed
CONUS50-+00003-+00027,lower_48,timing_implementation:unclear,safety,1,1,timing_implementation:unclear,EPSG:5070_50km_fixed
CONUS50-+00003-+00027,lower_48,pressure_channel:none_identified,safety,4,4,pressure_channel:none_identified,EPSG:5070_50km_fixed
CONUS50-+00002-+00030,lower_48,institutional_channel:none_identified,safety,1,1,institutional_channel:none_identified,EPSG:5070_50km_fixed
CONUS50-+00002-+00030,lower_48,compensation_outcome:non_base_compensation_other,safety,1,1,compensation_outcome:non_base_compensation_other,EPSG:5070_50km_fixed
CONUS50-+00002-+00030,lower_48,timing_implementation:unclear,safety,1,1,timing_implementation:unclear,EPSG:5070_50km_fixed
CONUS50-+00002-+00030,lower_48,pressure_channel:none_identified,safety,1,1,pressure_channel:none_identified,EPSG:5070_50km_fixed
CONUS50-+00000-+00031,lower_48,institutional_channel:none_identified,safety,2,2,institutional_channel:none_identified,EPSG:5070_50km_fixed
CONUS50-+00000-+00031,lower_48,compensation_outcome:non_base_compensation_other,safety,2,2,compensation_outcome:non_base_compensation_other,EPSG:5070_50km_fixed
CONUS50-+00000-+00031,lower_48,timing_implementation:payroll_effective_date,safety,2,2,timing_implementation:payroll_effective_date,EPSG:5070_50km_fixed
CONUS50-+00000-+00031,lower_48,pressure_channel:none_identified,safety,3,3,pressure_channel:none_identified,EPSG:5070_50km_fixed
CONUS50-+00000-+00031,lower_48,institutional_channel:ordinance_council_adoption,safety,1,1,institutional_channel:ordinance_council_adoption,EPSG:5070_50km_fixed
CONUS50-+00000-+00031,lower_48,compensation_outcome:no_direct_compensation_outcome,safety,1,1,compensation_outcome:no_direct_compensation_outcome,EPSG:5070_50km_fixed
CONUS50-+00000-+00031,lower_48,timing_implementation:ordinance_adoption,safety,1,1,timing_implementation:ordinance_adoption,EPSG:5070_50km_fixed
CONUS50-+00004-+00029,lower_48,institutional_channel:none_identified,safety,3,3,institutional_channel:none_identified,EPSG:5070_50km_fixed
CONUS50-+00004-+00029,lower_48,compensation_outcome:non_base_compensation_other,safety,2,2,compensation_outcome:non_base_compensation_other,EPSG:5070_50km_fixed
CONUS50-+00004-+00029,lower_48,timing_implementation:payroll_effective_date,safety,3,3,timing_implementation:payroll_effective_date,EPSG:5070_50km_fixed
CONUS50-+00004-+00029,lower_48,pressure_channel:none_identified,safety,3,3,pressure_channel:none_identified,EPSG:5070_50km_fixed
CONUS50-+00001-+00026,lower_48,institutional_channel:ordinance_council_adoption,safety,1,1,institutional_channel:ordinance_council_adoption,EPSG:5070_50km_fixed
CONUS50-+00001-+00026,lower_48,compensation_outcome:non_base_compensation_other,safety,1,1,compensation_outcome:non_base_compensation_other,EPSG:5070_50km_fixed
CONUS50-+00001-+00026,lower_48,timing_implementation:ordinance_adoption,safety,1,1,timing_implementation:ordinance_adoption,EPSG:5070_50km_fixed
CONUS50-+00001-+00026,lower_48,timing_implementation:payroll_effective_date,safety,5,6,timing_implementation:payroll_effective_date,EPSG:5070_50km_fixed
CONUS50-+00001-+00026,lower_48,pressure_channel:none_identified,safety,5,6,pressure_channel:none_identified,EPSG:5070_50km_fixed
CONUS50-+00003-+00029,lower_48,institutional_channel:settlement_or_mou,safety,1,1,institutional_channel:settlement_or_mou,EPSG:5070_50km_fixed
CONUS50-+00003-+00029,lower_48,compensation_outcome:non_base_compensation_other,safety,1,1,compensation_outcome:non_base_compensation_other,EPSG:5070_50km_fixed
CONUS50-+00003-+00029,lower_48,timing_implementation:payroll_effective_date,safety,1,1,timing_implementation:payroll_effective_date,EPSG:5070_50km_fixed
CONUS50-+00003-+00029,lower_48,pressure_channel:none_identified,safety,1,1,pressure_channel:none_identified,EPSG:5070_50km_fixed
CONUS50-+00002-+00028,lower_48,institutional_channel:none_identified,safety,5,6,institutional_channel:none_identified,EPSG:5070_50km_fixed
CONUS50-+00002-+00028,lower_48,compensation_outcome:across_the_board_raise,safety,1,1,compensation_outcome:across_the_board_raise,EPSG:5070_50km_fixed
CONUS50-+00002-+00028,lower_48,timing_implementation:recurring,safety,1,1,timing_implementation:recurring,EPSG:5070_50km_fixed
CONUS50-+00002-+00028,lower_48,pressure_channel:none_identified,safety,5,7,pressure_channel:none_identified,EPSG:5070_50km_fixed
CONUS50-+00002-+00028,lower_48,compensation_outcome:non_base_compensation_other,safety,2,2,compensation_outcome:non_base_compensation_other,EPSG:5070_50km_fixed
CONUS50-+00002-+00028,lower_48,timing_implementation:unclear,safety,1,1,timing_implementation:unclear,EPSG:5070_50km_fixed
CONUS50-+00000-+00028,lower_48,institutional_channel:budget_pay_plan_process,safety,1,1,institutional_channel:budget_pay_plan_process,EPSG:5070_50km_fixed
CONUS50-+00000-+00028,lower_48,institutional_channel:ordinance_council_adoption,safety,1,1,institutional_channel:ordinance_council_adoption,EPSG:5070_50km_fixed
CONUS50-+00000-+00028,lower_48,compensation_outcome:no_direct_compensation_outcome,safety,1,1,compensation_outcome:no_direct_compensation_outcome,EPSG:5070_50km_fixed
CONUS50-+00000-+00028,lower_48,timing_implementation:ordinance_adoption,safety,1,1,timing_implementation:ordinance_adoption,EPSG:5070_50km_fixed
CONUS50-+00000-+00028,lower_48,pressure_channel:fiscal_constraint,safety,1,1,pressure_channel:fiscal_constraint,EPSG:5070_50km_fixed
CONUS50-+00002-+00027,lower_48,institutional_channel:budget_pay_plan_process,safety,2,2,institutional_channel:budget_pay_plan_process,EPSG:5070_50km_fixed
CONUS50-+00002-+00027,lower_48,pressure_channel:fiscal_constraint,safety,2,2,pressure_channel:fiscal_constraint,EPSG:5070_50km_fixed
CONUS50-+00002-+00027,lower_48,compensation_outcome:salary_range_change,safety,1,1,compensation_outcome:salary_range_change,EPSG:5070_50km_fixed
CONUS50-+00004-+00029,lower_48,compensation_outcome:benefit_cost_change,safety,1,1,compensation_outcome:benefit_cost_change,EPSG:5070_50km_fixed
CONUS50-+00004-+00029,lower_48,compensation_outcome:retroactive_pay,safety,1,1,compensation_outcome:retroactive_pay,EPSG:5070_50km_fixed
CONUS50-+00004-+00029,lower_48,timing_implementation:retroactive,safety,1,1,timing_implementation:retroactive,EPSG:5070_50km_fixed
CONUS50-+00000-+00027,lower_48,compensation_outcome:non_base_compensation_other,safety,1,1,compensation_outcome:non_base_compensation_other,EPSG:5070_50km_fixed
CONUS50-+00002-+00026,lower_48,compensation_outcome:stipend_or_premium,safety,1,1,compensation_outcome:stipend_or_premium,EPSG:5070_50km_fixed
CONUS50-+00002-+00026,lower_48,timing_implementation:recurring,safety,2,2,timing_implementation:recurring,EPSG:5070_50km_fixed
CONUS50-+00002-+00026,lower_48,institutional_channel:settlement_or_mou,safety,1,1,institutional_channel:settlement_or_mou,EPSG:5070_50km_fixed
CONUS50-+00002-+00026,lower_48,compensation_outcome:non_base_compensation_other,safety,1,1,compensation_outcome:non_base_compensation_other,EPSG:5070_50km_fixed
CONUS50-+00002-+00026,lower_48,compensation_outcome:base_wage_change,safety,1,1,compensation_outcome:base_wage_change,EPSG:5070_50km_fixed
CONUS50-+00004-+00025,lower_48,compensation_outcome:retroactive_pay,safety,2,2,compensation_outcome:retroactive_pay,EPSG:5070_50km_fixed
CONUS50-+00004-+00025,lower_48,timing_implementation:retroactive,safety,2,2,timing_implementation:retroactive,EPSG:5070_50km_fixed
CONUS50-+00002-+00029,lower_48,institutional_channel:ordinance_council_adoption,safety,1,1,institutional_channel:ordinance_council_adoption,EPSG:5070_50km_fixed
CONUS50-+00002-+00029,lower_48,compensation_outcome:no_direct_compensation_outcome,safety,1,1,compensation_outcome:no_direct_compensation_outcome,EPSG:5070_50km_fixed
CONUS50-+00002-+00029,lower_48,timing_implementation:ordinance_adoption,safety,1,1,timing_implementation:ordinance_adoption,EPSG:5070_50km_fixed
CONUS50-+00002-+00027,lower_48,compensation_outcome:retroactive_pay,safety,3,3,compensation_outcome:retroactive_pay,EPSG:5070_50km_fixed
CONUS50-+00002-+00027,lower_48,timing_implementation:retroactive,safety,3,3,timing_implementation:retroactive,EPSG:5070_50km_fixed
CONUS50-+00002-+00027,lower_48,compensation_outcome:benefit_cost_change,safety,1,1,compensation_outcome:benefit_cost_change,EPSG:5070_50km_fixed
CONUS50-+00002-+00028,lower_48,compensation_outcome:benefit_cost_change,safety,1,1,compensation_outcome:benefit_cost_change,EPSG:5070_50km_fixed
CONUS50-+00002-+00028,lower_48,timing_implementation:payroll_effective_date,safety,3,3,timing_implementation:payroll_effective_date,EPSG:5070_50km_fixed
CONUS50-+00002-+00028,lower_48,compensation_outcome:retroactive_pay,safety,1,1,compensation_outcome:retroactive_pay,EPSG:5070_50km_fixed
CONUS50-+00002-+00028,lower_48,timing_implementation:retroactive,safety,1,1,timing_implementation:retroactive,EPSG:5070_50km_fixed
CONUS50-+00002-+00028,lower_48,compensation_outcome:lump_sum,safety,1,1,compensation_outcome:lump_sum,EPSG:5070_50km_fixed
CONUS50-+00002-+00028,lower_48,timing_implementation:one_time,safety,1,1,timing_implementation:one_time,EPSG:5070_50km_fixed
CONUS50-+00002-+00028,lower_48,institutional_channel:ordinance_council_adoption,safety,1,1,institutional_channel:ordinance_council_adoption,EPSG:5070_50km_fixed
CONUS50-+00002-+00028,lower_48,compensation_outcome:no_direct_compensation_outcome,safety,1,1,compensation_outcome:no_direct_compensation_outcome,EPSG:5070_50km_fixed
CONUS50-+00002-+00028,lower_48,timing_implementation:ordinance_adoption,safety,1,1,timing_implementation:ordinance_adoption,EPSG:5070_50km_fixed
CONUS50-+00003-+00030,lower_48,compensation_outcome:longevity,safety,1,1,compensation_outcome:longevity,EPSG:5070_50km_fixed
CONUS50-+00003-+00025,lower_48,compensation_outcome:uniform_or_equipment_allowance,safety,1,1,compensation_outcome:uniform_or_equipment_allowance,EPSG:5070_50km_fixed
CONUS50-+00003-+00025,lower_48,timing_implementation:budget_appropriation,safety,1,1,timing_implementation:budget_appropriation,EPSG:5070_50km_fixed
CONUS50-+00003-+00025,lower_48,timing_implementation:recurring,safety,1,1,timing_implementation:recurring,EPSG:5070_50km_fixed
CONUS50-+00003-+00027,lower_48,compensation_outcome:base_wage_change,safety,2,2,compensation_outcome:base_wage_change,EPSG:5070_50km_fixed
CONUS50-+00003-+00027,lower_48,compensation_outcome:retroactive_pay,safety,3,3,compensation_outcome:retroactive_pay,EPSG:5070_50km_fixed
CONUS50-+00003-+00027,lower_48,timing_implementation:payroll_effective_date,safety,3,3,timing_implementation:payroll_effective_date,EPSG:5070_50km_fixed
CONUS50-+00003-+00027,lower_48,timing_implementation:recurring,safety,2,2,timing_implementation:recurring,EPSG:5070_50km_fixed
CONUS50-+00003-+00027,lower_48,timing_implementation:retroactive,safety,3,3,timing_implementation:retroactive,EPSG:5070_50km_fixed
CONUS50-+00001-+00029,lower_48,institutional_channel:none_identified,safety,5,7,institutional_channel:none_identified,EPSG:5070_50km_fixed
CONUS50-+00001-+00029,lower_48,compensation_outcome:across_the_board_raise,safety,2,2,compensation_outcome:across_the_board_raise,EPSG:5070_50km_fixed
CONUS50-+00001-+00029,lower_48,timing_implementation:payroll_effective_date,safety,5,6,timing_implementation:payroll_effective_date,EPSG:5070_50km_fixed
CONUS50-+00001-+00029,lower_48,timing_implementation:recurring,safety,2,2,timing_implementation:recurring,EPSG:5070_50km_fixed
CONUS50-+00001-+00029,lower_48,pressure_channel:none_identified,safety,5,7,pressure_channel:none_identified,EPSG:5070_50km_fixed
CONUS50-+00001-+00029,lower_48,compensation_outcome:retroactive_pay,safety,5,5,compensation_outcome:retroactive_pay,EPSG:5070_50km_fixed
CONUS50-+00001-+00029,lower_48,timing_implementation:retroactive,safety,5,5,timing_implementation:retroactive,EPSG:5070_50km_fixed
CONUS50-+00002-+00029,lower_48,compensation_outcome:retroactive_pay,safety,2,2,compensation_outcome:retroactive_pay,EPSG:5070_50km_fixed
CONUS50-+00002-+00029,lower_48,timing_implementation:retroactive,safety,2,2,timing_implementation:retroactive,EPSG:5070_50km_fixed
CONUS50-+00002-+00029,lower_48,compensation_outcome:salary_range_change,safety,1,1,compensation_outcome:salary_range_change,EPSG:5070_50km_fixed
CONUS50-+00004-+00025,lower_48,compensation_outcome:uniform_or_equipment_allowance,safety,1,1,compensation_outcome:uniform_or_equipment_allowance,EPSG:5070_50km_fixed
CONUS50-+00001-+00026,lower_48,institutional_channel:none_identified,safety,4,5,institutional_channel:none_identified,EPSG:5070_50km_fixed
CONUS50-+00001-+00026,lower_48,compensation_outcome:retroactive_pay,safety,2,2,compensation_outcome:retroactive_pay,EPSG:5070_50km_fixed
CONUS50-+00001-+00026,lower_48,timing_implementation:retroactive,safety,2,2,timing_implementation:retroactive,EPSG:5070_50km_fixed
CONUS50-+00001-+00026,lower_48,compensation_outcome:across_the_board_raise,safety,3,3,compensation_outcome:across_the_board_raise,EPSG:5070_50km_fixed
CONUS50-+00001-+00026,lower_48,timing_implementation:recurring,safety,3,3,timing_implementation:recurring,EPSG:5070_50km_fixed
CONUS50-+00001-+00027,lower_48,institutional_channel:none_identified,safety,2,2,institutional_channel:none_identified,EPSG:5070_50km_fixed
CONUS50-+00001-+00027,lower_48,compensation_outcome:retroactive_pay,safety,1,1,compensation_outcome:retroactive_pay,EPSG:5070_50km_fixed
CONUS50-+00001-+00027,lower_48,timing_implementation:payroll_effective_date,safety,1,1,timing_implementation:payroll_effective_date,EPSG:5070_50km_fixed
CONUS50-+00001-+00027,lower_48,timing_implementation:retroactive,safety,1,1,timing_implementation:retroactive,EPSG:5070_50km_fixed
CONUS50-+00001-+00027,lower_48,pressure_channel:none_identified,safety,2,2,pressure_channel:none_identified,EPSG:5070_50km_fixed
CONUS50-+00001-+00027,lower_48,compensation_outcome:uniform_or_equipment_allowance,safety,1,1,compensation_outcome:uniform_or_equipment_allowance,EPSG:5070_50km_fixed
CONUS50-+00001-+00027,lower_48,timing_implementation:recurring,safety,1,1,timing_implementation:recurring,EPSG:5070_50km_fixed
CONUS50-+00000-+00029,lower_48,institutional_channel:none_identified,safety,2,2,institutional_channel:none_identified,EPSG:5070_50km_fixed
CONUS50-+00000-+00029,lower_48,compensation_outcome:cola_cpi_adjustment,safety,2,2,compensation_outcome:cola_cpi_adjustment,EPSG:5070_50km_fixed
CONUS50-+00000-+00029,lower_48,compensation_outcome:retroactive_pay,safety,2,2,compensation_outcome:retroactive_pay,EPSG:5070_50km_fixed
CONUS50-+00000-+00029,lower_48,timing_implementation:payroll_effective_date,safety,2,2,timing_implementation:payroll_effective_date,EPSG:5070_50km_fixed
CONUS50-+00000-+00029,lower_48,timing_implementation:recurring,safety,2,2,timing_implementation:recurring,EPSG:5070_50km_fixed
CONUS50-+00000-+00029,lower_48,timing_implementation:retroactive,safety,2,2,timing_implementation:retroactive,EPSG:5070_50km_fixed
CONUS50-+00000-+00029,lower_48,pressure_channel:none_identified,safety,2,2,pressure_channel:none_identified,EPSG:5070_50km_fixed
CONUS50-+00004-+00026,lower_48,institutional_channel:none_identified,safety,6,7,institutional_channel:none_identified,EPSG:5070_50km_fixed
CONUS50-+00004-+00026,lower_48,compensation_outcome:retroactive_pay,safety,2,2,compensation_outcome:retroactive_pay,EPSG:5070_50km_fixed
CONUS50-+00004-+00026,lower_48,timing_implementation:payroll_effective_date,safety,6,6,timing_implementation:payroll_effective_date,EPSG:5070_50km_fixed
CONUS50-+00004-+00026,lower_48,timing_implementation:retroactive,safety,2,2,timing_implementation:retroactive,EPSG:5070_50km_fixed
CONUS50-+00004-+00026,lower_48,pressure_channel:none_identified,safety,7,8,pressure_channel:none_identified,EPSG:5070_50km_fixed
CONUS50-+00004-+00026,lower_48,compensation_outcome:cola_cpi_adjustment,safety,1,1,compensation_outcome:cola_cpi_adjustment,EPSG:5070_50km_fixed
CONUS50-+00004-+00026,lower_48,timing_implementation:one_time,safety,1,1,timing_implementation:one_time,EPSG:5070_50km_fixed
CONUS50-+00003-+00026,lower_48,institutional_channel:none_identified,safety,1,2,institutional_channel:none_identified,EPSG:5070_50km_fixed
CONUS50-+00003-+00026,lower_48,compensation_outcome:uniform_or_equipment_allowance,safety,1,1,compensation_outcome:uniform_or_equipment_allowance,EPSG:5070_50km_fixed
CONUS50-+00003-+00026,lower_48,timing_implementation:recurring,safety,1,1,timing_implementation:recurring,EPSG:5070_50km_fixed
CONUS50-+00003-+00026,lower_48,pressure_channel:none_identified,safety,1,2,pressure_channel:none_identified,EPSG:5070_50km_fixed
CONUS50-+00003-+00026,lower_48,compensation_outcome:retroactive_pay,safety,1,1,compensation_outcome:retroactive_pay,EPSG:5070_50km_fixed
CONUS50-+00003-+00026,lower_48,timing_implementation:one_time,safety,1,1,timing_implementation:one_time,EPSG:5070_50km_fixed
CONUS50-+00003-+00026,lower_48,timing_implementation:retroactive,safety,1,1,timing_implementation:retroactive,EPSG:5070_50km_fixed
CONUS50-+00003-+00020,lower_48,institutional_channel:budget_pay_plan_process,safety,1,1,institutional_channel:budget_pay_plan_process,EPSG:5070_50km_fixed
CONUS50-+00003-+00020,lower_48,institutional_channel:ordinance_council_adoption,safety,1,1,institutional_channel:ordinance_council_adoption,EPSG:5070_50km_fixed
CONUS50-+00003-+00020,lower_48,compensation_outcome:across_the_board_raise,safety,1,1,compensation_outcome:across_the_board_raise,EPSG:5070_50km_fixed
CONUS50-+00003-+00020,lower_48,compensation_outcome:step_progression,safety,1,1,compensation_outcome:step_progression,EPSG:5070_50km_fixed
CONUS50-+00003-+00020,lower_48,timing_implementation:budget_appropriation,safety,1,1,timing_implementation:budget_appropriation,EPSG:5070_50km_fixed
CONUS50-+00003-+00020,lower_48,timing_implementation:recurring,safety,1,1,timing_implementation:recurring,EPSG:5070_50km_fixed
CONUS50-+00003-+00020,lower_48,pressure_channel:fiscal_constraint,safety,1,1,pressure_channel:fiscal_constraint,EPSG:5070_50km_fixed
CONUS50-+00008-+00014,lower_48,institutional_channel:none_identified,safety,1,1,institutional_channel:none_identified,EPSG:5070_50km_fixed
CONUS50-+00008-+00014,lower_48,compensation_outcome:retroactive_pay,safety,1,1,compensation_outcome:retroactive_pay,EPSG:5070_50km_fixed
CONUS50-+00008-+00014,lower_48,timing_implementation:payroll_effective_date,safety,1,1,timing_implementation:payroll_effective_date,EPSG:5070_50km_fixed
CONUS50-+00008-+00014,lower_48,timing_implementation:retroactive,safety,1,1,timing_implementation:retroactive,EPSG:5070_50km_fixed
CONUS50-+00008-+00014,lower_48,pressure_channel:none_identified,safety,1,1,pressure_channel:none_identified,EPSG:5070_50km_fixed
CONUS50-+00004-+00017,lower_48,institutional_channel:budget_pay_plan_process,safety,1,1,institutional_channel:budget_pay_plan_process,EPSG:5070_50km_fixed
CONUS50-+00004-+00017,lower_48,compensation_outcome:retroactive_pay,safety,1,1,compensation_outcome:retroactive_pay,EPSG:5070_50km_fixed
CONUS50-+00004-+00017,lower_48,timing_implementation:budget_appropriation,safety,1,1,timing_implementation:budget_appropriation,EPSG:5070_50km_fixed
CONUS50-+00004-+00017,lower_48,timing_implementation:payroll_effective_date,safety,1,1,timing_implementation:payroll_effective_date,EPSG:5070_50km_fixed
CONUS50-+00004-+00017,lower_48,timing_implementation:retroactive,safety,1,1,timing_implementation:retroactive,EPSG:5070_50km_fixed
CONUS50-+00004-+00017,lower_48,pressure_channel:fiscal_constraint,safety,1,1,pressure_channel:fiscal_constraint,EPSG:5070_50km_fixed
CONUS50-+00021-+00006,lower_48,institutional_channel:none_identified,safety,1,1,institutional_channel:none_identified,EPSG:5070_50km_fixed
CONUS50-+00021-+00006,lower_48,compensation_outcome:retroactive_pay,safety,1,1,compensation_outcome:retroactive_pay,EPSG:5070_50km_fixed
CONUS50-+00021-+00006,lower_48,timing_implementation:payroll_effective_date,safety,1,1,timing_implementation:payroll_effective_date,EPSG:5070_50km_fixed
CONUS50-+00021-+00006,lower_48,timing_implementation:retroactive,safety,1,1,timing_implementation:retroactive,EPSG:5070_50km_fixed
CONUS50-+00021-+00006,lower_48,pressure_channel:none_identified,safety,1,1,pressure_channel:none_identified,EPSG:5070_50km_fixed
CONUS50-+00021-+00008,lower_48,institutional_channel:ordinance_council_adoption,safety,1,1,institutional_channel:ordinance_council_adoption,EPSG:5070_50km_fixed
CONUS50-+00021-+00008,lower_48,compensation_outcome:no_direct_compensation_outcome,safety,1,1,compensation_outcome:no_direct_compensation_outcome,EPSG:5070_50km_fixed
CONUS50-+00021-+00008,lower_48,timing_implementation:unclear,safety,1,1,timing_implementation:unclear,EPSG:5070_50km_fixed
CONUS50-+00021-+00008,lower_48,pressure_channel:market_recruitment_retention,safety,1,1,pressure_channel:market_recruitment_retention,EPSG:5070_50km_fixed
CONUS50-+00023-+00006,lower_48,institutional_channel:none_identified,safety,1,1,institutional_channel:none_identified,EPSG:5070_50km_fixed
CONUS50-+00023-+00006,lower_48,compensation_outcome:retroactive_pay,safety,1,1,compensation_outcome:retroactive_pay,EPSG:5070_50km_fixed
CONUS50-+00023-+00006,lower_48,timing_implementation:payroll_effective_date,safety,1,1,timing_implementation:payroll_effective_date,EPSG:5070_50km_fixed
CONUS50-+00023-+00006,lower_48,timing_implementation:retroactive,safety,1,1,timing_implementation:retroactive,EPSG:5070_50km_fixed
CONUS50-+00023-+00006,lower_48,pressure_channel:none_identified,safety,1,1,pressure_channel:none_identified,EPSG:5070_50km_fixed
CONUS50-+00018-+00008,lower_48,institutional_channel:ordinance_council_adoption,safety,1,1,institutional_channel:ordinance_council_adoption,EPSG:5070_50km_fixed
CONUS50-+00018-+00008,lower_48,institutional_channel:settlement_or_mou,safety,1,1,institutional_channel:settlement_or_mou,EPSG:5070_50km_fixed
CONUS50-+00018-+00008,lower_48,compensation_outcome:classification_band_change,safety,1,1,compensation_outcome:classification_band_change,EPSG:5070_50km_fixed
CONUS50-+00018-+00008,lower_48,timing_implementation:unclear,safety,1,1,timing_implementation:unclear,EPSG:5070_50km_fixed
CONUS50-+00018-+00008,lower_48,pressure_channel:market_recruitment_retention,safety,1,1,pressure_channel:market_recruitment_retention,EPSG:5070_50km_fixed
CONUS50-+00017-+00008,lower_48,institutional_channel:none_identified,safety,1,2,institutional_channel:none_identified,EPSG:5070_50km_fixed
CONUS50-+00017-+00008,lower_48,compensation_outcome:across_the_board_raise,safety,1,1,compensation_outcome:across_the_board_raise,EPSG:5070_50km_fixed
CONUS50-+00017-+00008,lower_48,timing_implementation:recurring,safety,1,1,timing_implementation:recurring,EPSG:5070_50km_fixed
CONUS50-+00017-+00008,lower_48,pressure_channel:none_identified,safety,1,2,pressure_channel:none_identified,EPSG:5070_50km_fixed
CONUS50-+00017-+00008,lower_48,compensation_outcome:benefit_cost_change,safety,1,1,compensation_outcome:benefit_cost_change,EPSG:5070_50km_fixed
CONUS50-+00017-+00008,lower_48,compensation_outcome:retroactive_pay,safety,1,1,compensation_outcome:retroactive_pay,EPSG:5070_50km_fixed
CONUS50-+00017-+00008,lower_48,timing_implementation:payroll_effective_date,safety,1,1,timing_implementation:payroll_effective_date,EPSG:5070_50km_fixed
CONUS50-+00017-+00008,lower_48,timing_implementation:retroactive,safety,1,1,timing_implementation:retroactive,EPSG:5070_50km_fixed
CONUS50-+00020-+00007,lower_48,institutional_channel:none_identified,safety,1,1,institutional_channel:none_identified,EPSG:5070_50km_fixed
CONUS50-+00020-+00007,lower_48,compensation_outcome:retroactive_pay,safety,1,1,compensation_outcome:retroactive_pay,EPSG:5070_50km_fixed
CONUS50-+00020-+00007,lower_48,timing_implementation:payroll_effective_date,safety,1,1,timing_implementation:payroll_effective_date,EPSG:5070_50km_fixed
CONUS50-+00020-+00007,lower_48,timing_implementation:retroactive,safety,1,1,timing_implementation:retroactive,EPSG:5070_50km_fixed
CONUS50-+00020-+00007,lower_48,pressure_channel:none_identified,safety,1,1,pressure_channel:none_identified,EPSG:5070_50km_fixed
CONUS50-+00023-+00007,lower_48,institutional_channel:none_identified,safety,1,1,institutional_channel:none_identified,EPSG:5070_50km_fixed
CONUS50-+00023-+00007,lower_48,compensation_outcome:retroactive_pay,safety,1,1,compensation_outcome:retroactive_pay,EPSG:5070_50km_fixed
CONUS50-+00023-+00007,lower_48,timing_implementation:payroll_effective_date,safety,1,1,timing_implementation:payroll_effective_date,EPSG:5070_50km_fixed
CONUS50-+00023-+00007,lower_48,timing_implementation:retroactive,safety,1,1,timing_implementation:retroactive,EPSG:5070_50km_fixed
CONUS50-+00023-+00007,lower_48,pressure_channel:none_identified,safety,1,1,pressure_channel:none_identified,EPSG:5070_50km_fixed
CONUS50-+00026-+00016,lower_48,institutional_channel:none_identified,safety,1,1,institutional_channel:none_identified,EPSG:5070_50km_fixed
CONUS50-+00026-+00016,lower_48,compensation_outcome:retroactive_pay,safety,1,1,compensation_outcome:retroactive_pay,EPSG:5070_50km_fixed
CONUS50-+00026-+00016,lower_48,timing_implementation:one_time,safety,1,1,timing_implementation:one_time,EPSG:5070_50km_fixed
CONUS50-+00026-+00016,lower_48,timing_implementation:retroactive,safety,1,1,timing_implementation:retroactive,EPSG:5070_50km_fixed
CONUS50-+00026-+00016,lower_48,pressure_channel:none_identified,safety,1,1,pressure_channel:none_identified,EPSG:5070_50km_fixed
CONUS50-+00026-+00017,lower_48,institutional_channel:none_identified,safety,1,1,institutional_channel:none_identified,EPSG:5070_50km_fixed
CONUS50-+00026-+00017,lower_48,compensation_outcome:cola_cpi_adjustment,safety,1,1,compensation_outcome:cola_cpi_adjustment,EPSG:5070_50km_fixed
CONUS50-+00026-+00017,lower_48,compensation_outcome:retroactive_pay,safety,1,1,compensation_outcome:retroactive_pay,EPSG:5070_50km_fixed
CONUS50-+00026-+00017,lower_48,timing_implementation:payroll_effective_date,safety,1,1,timing_implementation:payroll_effective_date,EPSG:5070_50km_fixed
CONUS50-+00026-+00017,lower_48,timing_implementation:recurring,safety,1,1,timing_implementation:recurring,EPSG:5070_50km_fixed
CONUS50-+00026-+00017,lower_48,timing_implementation:retroactive,safety,1,1,timing_implementation:retroactive,EPSG:5070_50km_fixed
CONUS50-+00026-+00017,lower_48,pressure_channel:none_identified,safety,1,1,pressure_channel:none_identified,EPSG:5070_50km_fixed
CONUS50-+00025-+00012,lower_48,institutional_channel:none_identified,safety,1,1,institutional_channel:none_identified,EPSG:5070_50km_fixed
CONUS50-+00025-+00012,lower_48,compensation_outcome:retroactive_pay,safety,1,1,compensation_outcome:retroactive_pay,EPSG:5070_50km_fixed
CONUS50-+00025-+00012,lower_48,timing_implementation:payroll_effective_date,safety,1,1,timing_implementation:payroll_effective_date,EPSG:5070_50km_fixed
CONUS50-+00025-+00012,lower_48,timing_implementation:retroactive,safety,1,1,timing_implementation:retroactive,EPSG:5070_50km_fixed
CONUS50-+00025-+00012,lower_48,pressure_channel:none_identified,safety,1,1,pressure_channel:none_identified,EPSG:5070_50km_fixed
CONUS50-+00024-+00012,lower_48,institutional_channel:none_identified,safety,6,7,institutional_channel:none_identified,EPSG:5070_50km_fixed
CONUS50-+00024-+00012,lower_48,compensation_outcome:retroactive_pay,safety,6,6,compensation_outcome:retroactive_pay,EPSG:5070_50km_fixed
CONUS50-+00024-+00012,lower_48,timing_implementation:payroll_effective_date,safety,6,6,timing_implementation:payroll_effective_date,EPSG:5070_50km_fixed
CONUS50-+00024-+00012,lower_48,timing_implementation:retroactive,safety,6,6,timing_implementation:retroactive,EPSG:5070_50km_fixed
CONUS50-+00024-+00012,lower_48,pressure_channel:none_identified,safety,7,8,pressure_channel:none_identified,EPSG:5070_50km_fixed
CONUS50-+00024-+00013,lower_48,institutional_channel:budget_pay_plan_process,safety,1,1,institutional_channel:budget_pay_plan_process,EPSG:5070_50km_fixed
CONUS50-+00024-+00013,lower_48,compensation_outcome:no_direct_compensation_outcome,safety,1,1,compensation_outcome:no_direct_compensation_outcome,EPSG:5070_50km_fixed
CONUS50-+00024-+00013,lower_48,timing_implementation:payroll_effective_date,safety,6,6,timing_implementation:payroll_effective_date,EPSG:5070_50km_fixed
CONUS50-+00024-+00013,lower_48,pressure_channel:comparability_parity,safety,1,1,pressure_channel:comparability_parity,EPSG:5070_50km_fixed
CONUS50-+00024-+00013,lower_48,pressure_channel:fiscal_constraint,safety,1,1,pressure_channel:fiscal_constraint,EPSG:5070_50km_fixed
CONUS50-+00023-+00013,lower_48,institutional_channel:none_identified,safety,17,20,institutional_channel:none_identified,EPSG:5070_50km_fixed
CONUS50-+00023-+00013,lower_48,compensation_outcome:retroactive_pay,safety,9,9,compensation_outcome:retroactive_pay,EPSG:5070_50km_fixed
CONUS50-+00023-+00013,lower_48,compensation_outcome:step_progression,safety,2,2,compensation_outcome:step_progression,EPSG:5070_50km_fixed
CONUS50-+00023-+00013,lower_48,timing_implementation:one_time,safety,1,1,timing_implementation:one_time,EPSG:5070_50km_fixed
CONUS50-+00023-+00013,lower_48,timing_implementation:payroll_effective_date,safety,20,20,timing_implementation:payroll_effective_date,EPSG:5070_50km_fixed
CONUS50-+00023-+00013,lower_48,timing_implementation:retroactive,safety,9,9,timing_implementation:retroactive,EPSG:5070_50km_fixed
CONUS50-+00023-+00013,lower_48,pressure_channel:none_identified,safety,17,20,pressure_channel:none_identified,EPSG:5070_50km_fixed
CONUS50-+00023-+00013,lower_48,timing_implementation:recurring,safety,7,9,timing_implementation:recurring,EPSG:5070_50km_fixed
CONUS50-+00024-+00012,lower_48,timing_implementation:one_time,safety,1,1,timing_implementation:one_time,EPSG:5070_50km_fixed
CONUS50-+00024-+00011,lower_48,institutional_channel:none_identified,safety,4,7,institutional_channel:none_identified,EPSG:5070_50km_fixed
CONUS50-+00024-+00011,lower_48,compensation_outcome:retroactive_pay,safety,3,3,compensation_outcome:retroactive_pay,EPSG:5070_50km_fixed
CONUS50-+00024-+00011,lower_48,timing_implementation:payroll_effective_date,safety,2,2,timing_implementation:payroll_effective_date,EPSG:5070_50km_fixed
CONUS50-+00024-+00011,lower_48,timing_implementation:retroactive,safety,3,3,timing_implementation:retroactive,EPSG:5070_50km_fixed
CONUS50-+00024-+00011,lower_48,pressure_channel:none_identified,safety,4,7,pressure_channel:none_identified,EPSG:5070_50km_fixed
CONUS50-+00024-+00013,lower_48,institutional_channel:none_identified,safety,7,9,institutional_channel:none_identified,EPSG:5070_50km_fixed
CONUS50-+00024-+00013,lower_48,compensation_outcome:across_the_board_raise,safety,2,2,compensation_outcome:across_the_board_raise,EPSG:5070_50km_fixed
CONUS50-+00024-+00013,lower_48,timing_implementation:recurring,safety,2,3,timing_implementation:recurring,EPSG:5070_50km_fixed
CONUS50-+00024-+00013,lower_48,pressure_channel:none_identified,safety,7,9,pressure_channel:none_identified,EPSG:5070_50km_fixed
CONUS50-+00024-+00013,lower_48,compensation_outcome:overtime,safety,1,1,compensation_outcome:overtime,EPSG:5070_50km_fixed
CONUS50-+00024-+00013,lower_48,compensation_outcome:retroactive_pay,safety,4,4,compensation_outcome:retroactive_pay,EPSG:5070_50km_fixed
CONUS50-+00024-+00013,lower_48,timing_implementation:one_time,safety,2,2,timing_implementation:one_time,EPSG:5070_50km_fixed
CONUS50-+00024-+00013,lower_48,timing_implementation:retroactive,safety,4,4,timing_implementation:retroactive,EPSG:5070_50km_fixed
CONUS50-+00024-+00012,lower_48,institutional_channel:ordinance_council_adoption,safety,1,1,institutional_channel:ordinance_council_adoption,EPSG:5070_50km_fixed
CONUS50-+00023-+00013,lower_48,compensation_outcome:across_the_board_raise,safety,5,5,compensation_outcome:across_the_board_raise,EPSG:5070_50km_fixed
CONUS50-+00023-+00013,lower_48,compensation_outcome:overtime,safety,1,1,compensation_outcome:overtime,EPSG:5070_50km_fixed
CONUS50-+00024-+00012,lower_48,compensation_outcome:overtime,safety,2,2,compensation_outcome:overtime,EPSG:5070_50km_fixed
CONUS50-+00024-+00012,lower_48,timing_implementation:recurring,safety,2,3,timing_implementation:recurring,EPSG:5070_50km_fixed
CONUS50-+00024-+00012,lower_48,compensation_outcome:step_progression,safety,1,1,compensation_outcome:step_progression,EPSG:5070_50km_fixed
CONUS50-+00024-+00011,lower_48,timing_implementation:one_time,safety,1,1,timing_implementation:one_time,EPSG:5070_50km_fixed
CONUS50-+00024-+00014,lower_48,institutional_channel:none_identified,safety,23,39,institutional_channel:none_identified,EPSG:5070_50km_fixed
CONUS50-+00024-+00014,lower_48,compensation_outcome:longevity,safety,1,1,compensation_outcome:longevity,EPSG:5070_50km_fixed
CONUS50-+00024-+00014,lower_48,timing_implementation:recurring,safety,16,20,timing_implementation:recurring,EPSG:5070_50km_fixed
CONUS50-+00024-+00014,lower_48,pressure_channel:none_identified,safety,24,41,pressure_channel:none_identified,EPSG:5070_50km_fixed
CONUS50-+00024-+00014,lower_48,compensation_outcome:retroactive_pay,safety,21,21,compensation_outcome:retroactive_pay,EPSG:5070_50km_fixed
CONUS50-+00024-+00014,lower_48,compensation_outcome:step_progression,safety,4,4,compensation_outcome:step_progression,EPSG:5070_50km_fixed
CONUS50-+00024-+00014,lower_48,timing_implementation:payroll_effective_date,safety,20,22,timing_implementation:payroll_effective_date,EPSG:5070_50km_fixed
CONUS50-+00024-+00014,lower_48,timing_implementation:retroactive,safety,21,21,timing_implementation:retroactive,EPSG:5070_50km_fixed
CONUS50-+00024-+00014,lower_48,timing_implementation:one_time,safety,3,3,timing_implementation:one_time,EPSG:5070_50km_fixed
CONUS50-+00023-+00013,lower_48,compensation_outcome:base_wage_change,safety,1,1,compensation_outcome:base_wage_change,EPSG:5070_50km_fixed
CONUS50-+00024-+00013,lower_48,compensation_outcome:non_base_compensation_other,safety,2,2,compensation_outcome:non_base_compensation_other,EPSG:5070_50km_fixed
CONUS50-+00024-+00011,lower_48,compensation_outcome:across_the_board_raise,safety,2,2,compensation_outcome:across_the_board_raise,EPSG:5070_50km_fixed
CONUS50-+00024-+00011,lower_48,timing_implementation:recurring,safety,2,4,timing_implementation:recurring,EPSG:5070_50km_fixed
CONUS50-+00024-+00011,lower_48,compensation_outcome:step_progression,safety,1,1,compensation_outcome:step_progression,EPSG:5070_50km_fixed
CONUS50-+00024-+00011,lower_48,compensation_outcome:stipend_or_premium,safety,1,1,compensation_outcome:stipend_or_premium,EPSG:5070_50km_fixed
CONUS50-+00024-+00012,lower_48,institutional_channel:budget_pay_plan_process,safety,1,1,institutional_channel:budget_pay_plan_process,EPSG:5070_50km_fixed
CONUS50-+00024-+00012,lower_48,compensation_outcome:no_direct_compensation_outcome,safety,1,1,compensation_outcome:no_direct_compensation_outcome,EPSG:5070_50km_fixed
CONUS50-+00024-+00012,lower_48,pressure_channel:fiscal_constraint,safety,1,1,pressure_channel:fiscal_constraint,EPSG:5070_50km_fixed
CONUS50-+00019-+00018,lower_48,institutional_channel:none_identified,safety,2,3,institutional_channel:none_identified,EPSG:5070_50km_fixed
CONUS50-+00019-+00018,lower_48,compensation_outcome:retroactive_pay,safety,2,2,compensation_outcome:retroactive_pay,EPSG:5070_50km_fixed
CONUS50-+00019-+00018,lower_48,timing_implementation:payroll_effective_date,safety,3,3,timing_implementation:payroll_effective_date,EPSG:5070_50km_fixed
CONUS50-+00019-+00018,lower_48,timing_implementation:retroactive,safety,2,2,timing_implementation:retroactive,EPSG:5070_50km_fixed
CONUS50-+00019-+00018,lower_48,pressure_channel:none_identified,safety,2,3,pressure_channel:none_identified,EPSG:5070_50km_fixed
CONUS50-+00020-+00016,lower_48,institutional_channel:none_identified,safety,5,7,institutional_channel:none_identified,EPSG:5070_50km_fixed
CONUS50-+00020-+00016,lower_48,compensation_outcome:across_the_board_raise,safety,1,1,compensation_outcome:across_the_board_raise,EPSG:5070_50km_fixed
CONUS50-+00020-+00016,lower_48,timing_implementation:payroll_effective_date,safety,4,5,timing_implementation:payroll_effective_date,EPSG:5070_50km_fixed
CONUS50-+00020-+00016,lower_48,timing_implementation:recurring,safety,3,5,timing_implementation:recurring,EPSG:5070_50km_fixed
CONUS50-+00020-+00016,lower_48,pressure_channel:none_identified,safety,5,7,pressure_channel:none_identified,EPSG:5070_50km_fixed
CONUS50-+00020-+00016,lower_48,compensation_outcome:overtime,safety,1,1,compensation_outcome:overtime,EPSG:5070_50km_fixed
CONUS50-+00020-+00016,lower_48,compensation_outcome:base_wage_change,safety,1,1,compensation_outcome:base_wage_change,EPSG:5070_50km_fixed
CONUS50-+00020-+00016,lower_48,compensation_outcome:retroactive_pay,safety,4,4,compensation_outcome:retroactive_pay,EPSG:5070_50km_fixed
CONUS50-+00020-+00016,lower_48,timing_implementation:retroactive,safety,4,4,timing_implementation:retroactive,EPSG:5070_50km_fixed
CONUS50-+00024-+00016,lower_48,institutional_channel:budget_pay_plan_process,safety,1,1,institutional_channel:budget_pay_plan_process,EPSG:5070_50km_fixed
CONUS50-+00024-+00016,lower_48,compensation_outcome:retroactive_pay,safety,13,13,compensation_outcome:retroactive_pay,EPSG:5070_50km_fixed
CONUS50-+00024-+00016,lower_48,timing_implementation:one_time,safety,5,5,timing_implementation:one_time,EPSG:5070_50km_fixed
CONUS50-+00024-+00016,lower_48,timing_implementation:retroactive,safety,13,13,timing_implementation:retroactive,EPSG:5070_50km_fixed
CONUS50-+00024-+00016,lower_48,pressure_channel:fiscal_constraint,safety,1,1,pressure_channel:fiscal_constraint,EPSG:5070_50km_fixed
CONUS50-+00018-+00018,lower_48,institutional_channel:none_identified,safety,4,5,institutional_channel:none_identified,EPSG:5070_50km_fixed
CONUS50-+00018-+00018,lower_48,compensation_outcome:across_the_board_raise,safety,2,2,compensation_outcome:across_the_board_raise,EPSG:5070_50km_fixed
CONUS50-+00018-+00018,lower_48,timing_implementation:recurring,safety,2,2,timing_implementation:recurring,EPSG:5070_50km_fixed
CONUS50-+00018-+00018,lower_48,pressure_channel:none_identified,safety,4,5,pressure_channel:none_identified,EPSG:5070_50km_fixed
CONUS50-+00018-+00018,lower_48,compensation_outcome:retroactive_pay,safety,3,3,compensation_outcome:retroactive_pay,EPSG:5070_50km_fixed
CONUS50-+00018-+00018,lower_48,timing_implementation:payroll_effective_date,safety,3,3,timing_implementation:payroll_effective_date,EPSG:5070_50km_fixed
CONUS50-+00018-+00018,lower_48,timing_implementation:retroactive,safety,3,3,timing_implementation:retroactive,EPSG:5070_50km_fixed
CONUS50-+00025-+00013,lower_48,institutional_channel:none_identified,safety,12,20,institutional_channel:none_identified,EPSG:5070_50km_fixed
CONUS50-+00025-+00013,lower_48,compensation_outcome:base_wage_change,safety,4,4,compensation_outcome:base_wage_change,EPSG:5070_50km_fixed
CONUS50-+00025-+00013,lower_48,compensation_outcome:retroactive_pay,safety,14,14,compensation_outcome:retroactive_pay,EPSG:5070_50km_fixed
CONUS50-+00025-+00013,lower_48,timing_implementation:payroll_effective_date,safety,13,17,timing_implementation:payroll_effective_date,EPSG:5070_50km_fixed
CONUS50-+00025-+00013,lower_48,timing_implementation:recurring,safety,8,12,timing_implementation:recurring,EPSG:5070_50km_fixed
CONUS50-+00025-+00013,lower_48,timing_implementation:retroactive,safety,14,14,timing_implementation:retroactive,EPSG:5070_50km_fixed
CONUS50-+00025-+00013,lower_48,pressure_channel:none_identified,safety,12,21,pressure_channel:none_identified,EPSG:5070_50km_fixed
CONUS50-+00020-+00017,lower_48,institutional_channel:none_identified,safety,5,7,institutional_channel:none_identified,EPSG:5070_50km_fixed
CONUS50-+00020-+00017,lower_48,compensation_outcome:retroactive_pay,safety,6,6,compensation_outcome:retroactive_pay,EPSG:5070_50km_fixed
CONUS50-+00020-+00017,lower_48,timing_implementation:payroll_effective_date,safety,5,6,timing_implementation:payroll_effective_date,EPSG:5070_50km_fixed
CONUS50-+00020-+00017,lower_48,timing_implementation:retroactive,safety,6,6,timing_implementation:retroactive,EPSG:5070_50km_fixed
CONUS50-+00020-+00017,lower_48,pressure_channel:none_identified,safety,4,6,pressure_channel:none_identified,EPSG:5070_50km_fixed
CONUS50-+00019-+00018,lower_48,institutional_channel:budget_pay_plan_process,safety,1,1,institutional_channel:budget_pay_plan_process,EPSG:5070_50km_fixed
CONUS50-+00019-+00018,lower_48,compensation_outcome:no_direct_compensation_outcome,safety,1,1,compensation_outcome:no_direct_compensation_outcome,EPSG:5070_50km_fixed
CONUS50-+00019-+00018,lower_48,pressure_channel:fiscal_constraint,safety,1,1,pressure_channel:fiscal_constraint,EPSG:5070_50km_fixed
CONUS50-+00025-+00013,lower_48,institutional_channel:settlement_or_mou,safety,1,1,institutional_channel:settlement_or_mou,EPSG:5070_50km_fixed
CONUS50-+00025-+00013,lower_48,compensation_outcome:across_the_board_raise,safety,6,6,compensation_outcome:across_the_board_raise,EPSG:5070_50km_fixed
CONUS50-+00025-+00013,lower_48,compensation_outcome:step_progression,safety,1,1,compensation_outcome:step_progression,EPSG:5070_50km_fixed
CONUS50-+00025-+00013,lower_48,compensation_outcome:stipend_or_premium,safety,1,1,compensation_outcome:stipend_or_premium,EPSG:5070_50km_fixed
CONUS50-+00024-+00014,lower_48,compensation_outcome:across_the_board_raise,safety,11,11,compensation_outcome:across_the_board_raise,EPSG:5070_50km_fixed
CONUS50-+00024-+00014,lower_48,compensation_outcome:stipend_or_premium,safety,2,2,compensation_outcome:stipend_or_premium,EPSG:5070_50km_fixed
CONUS50-+00021-+00017,lower_48,institutional_channel:none_identified,safety,9,13,institutional_channel:none_identified,EPSG:5070_50km_fixed
CONUS50-+00021-+00017,lower_48,compensation_outcome:retroactive_pay,safety,7,7,compensation_outcome:retroactive_pay,EPSG:5070_50km_fixed
CONUS50-+00021-+00017,lower_48,timing_implementation:payroll_effective_date,safety,6,7,timing_implementation:payroll_effective_date,EPSG:5070_50km_fixed
CONUS50-+00021-+00017,lower_48,timing_implementation:retroactive,safety,7,7,timing_implementation:retroactive,EPSG:5070_50km_fixed
CONUS50-+00021-+00017,lower_48,pressure_channel:none_identified,safety,9,13,pressure_channel:none_identified,EPSG:5070_50km_fixed
CONUS50-+00021-+00017,lower_48,compensation_outcome:holiday_pay,safety,1,1,compensation_outcome:holiday_pay,EPSG:5070_50km_fixed
CONUS50-+00021-+00017,lower_48,compensation_outcome:lump_sum,safety,1,1,compensation_outcome:lump_sum,EPSG:5070_50km_fixed
CONUS50-+00021-+00017,lower_48,timing_implementation:one_time,safety,2,2,timing_implementation:one_time,EPSG:5070_50km_fixed
CONUS50-+00024-+00017,lower_48,institutional_channel:none_identified,safety,8,12,institutional_channel:none_identified,EPSG:5070_50km_fixed
CONUS50-+00024-+00017,lower_48,compensation_outcome:retroactive_pay,safety,7,7,compensation_outcome:retroactive_pay,EPSG:5070_50km_fixed
CONUS50-+00024-+00017,lower_48,timing_implementation:payroll_effective_date,safety,7,8,timing_implementation:payroll_effective_date,EPSG:5070_50km_fixed
CONUS50-+00024-+00017,lower_48,timing_implementation:retroactive,safety,7,7,timing_implementation:retroactive,EPSG:5070_50km_fixed
CONUS50-+00024-+00017,lower_48,pressure_channel:none_identified,safety,8,12,pressure_channel:none_identified,EPSG:5070_50km_fixed
CONUS50-+00024-+00017,lower_48,compensation_outcome:uniform_or_equipment_allowance,safety,1,1,compensation_outcome:uniform_or_equipment_allowance,EPSG:5070_50km_fixed
CONUS50-+00024-+00017,lower_48,timing_implementation:recurring,safety,6,6,timing_implementation:recurring,EPSG:5070_50km_fixed
CONUS50-+00024-+00017,lower_48,compensation_outcome:across_the_board_raise,safety,2,2,compensation_outcome:across_the_board_raise,EPSG:5070_50km_fixed
CONUS50-+00022-+00017,lower_48,institutional_channel:none_identified,safety,5,6,institutional_channel:none_identified,EPSG:5070_50km_fixed
CONUS50-+00022-+00017,lower_48,compensation_outcome:base_wage_change,safety,1,1,compensation_outcome:base_wage_change,EPSG:5070_50km_fixed
CONUS50-+00022-+00017,lower_48,compensation_outcome:retroactive_pay,safety,3,3,compensation_outcome:retroactive_pay,EPSG:5070_50km_fixed
CONUS50-+00022-+00017,lower_48,timing_implementation:payroll_effective_date,safety,4,5,timing_implementation:payroll_effective_date,EPSG:5070_50km_fixed
CONUS50-+00022-+00017,lower_48,timing_implementation:recurring,safety,3,3,timing_implementation:recurring,EPSG:5070_50km_fixed
CONUS50-+00022-+00017,lower_48,timing_implementation:retroactive,safety,3,3,timing_implementation:retroactive,EPSG:5070_50km_fixed
CONUS50-+00022-+00017,lower_48,pressure_channel:none_identified,safety,5,6,pressure_channel:none_identified,EPSG:5070_50km_fixed
CONUS50-+00024-+00014,lower_48,compensation_outcome:uniform_or_equipment_allowance,safety,3,3,compensation_outcome:uniform_or_equipment_allowance,EPSG:5070_50km_fixed
CONUS50-+00021-+00017,lower_48,compensation_outcome:across_the_board_raise,safety,4,4,compensation_outcome:across_the_board_raise,EPSG:5070_50km_fixed
CONUS50-+00021-+00017,lower_48,timing_implementation:recurring,safety,5,5,timing_implementation:recurring,EPSG:5070_50km_fixed
CONUS50-+00024-+00016,lower_48,institutional_channel:none_identified,safety,12,18,institutional_channel:none_identified,EPSG:5070_50km_fixed
CONUS50-+00024-+00016,lower_48,compensation_outcome:across_the_board_raise,safety,2,2,compensation_outcome:across_the_board_raise,EPSG:5070_50km_fixed
CONUS50-+00024-+00016,lower_48,timing_implementation:recurring,safety,4,5,timing_implementation:recurring,EPSG:5070_50km_fixed
CONUS50-+00024-+00016,lower_48,pressure_channel:none_identified,safety,12,18,pressure_channel:none_identified,EPSG:5070_50km_fixed
CONUS50-+00024-+00016,lower_48,timing_implementation:payroll_effective_date,safety,10,11,timing_implementation:payroll_effective_date,EPSG:5070_50km_fixed
CONUS50-+00024-+00016,lower_48,compensation_outcome:step_progression,safety,3,3,compensation_outcome:step_progression,EPSG:5070_50km_fixed
CONUS50-+00023-+00016,lower_48,institutional_channel:none_identified,safety,3,4,institutional_channel:none_identified,EPSG:5070_50km_fixed
CONUS50-+00023-+00016,lower_48,compensation_outcome:retroactive_pay,safety,3,3,compensation_outcome:retroactive_pay,EPSG:5070_50km_fixed
CONUS50-+00023-+00016,lower_48,timing_implementation:one_time,safety,1,1,timing_implementation:one_time,EPSG:5070_50km_fixed
CONUS50-+00023-+00016,lower_48,timing_implementation:retroactive,safety,3,3,timing_implementation:retroactive,EPSG:5070_50km_fixed
CONUS50-+00023-+00016,lower_48,pressure_channel:none_identified,safety,3,4,pressure_channel:none_identified,EPSG:5070_50km_fixed
CONUS50-+00023-+00016,lower_48,compensation_outcome:stipend_or_premium,safety,1,1,compensation_outcome:stipend_or_premium,EPSG:5070_50km_fixed
CONUS50-+00023-+00016,lower_48,timing_implementation:payroll_effective_date,safety,2,3,timing_implementation:payroll_effective_date,EPSG:5070_50km_fixed
CONUS50-+00023-+00016,lower_48,timing_implementation:recurring,safety,1,1,timing_implementation:recurring,EPSG:5070_50km_fixed
CONUS50-+00021-+00016,lower_48,institutional_channel:budget_pay_plan_process,safety,2,2,institutional_channel:budget_pay_plan_process,EPSG:5070_50km_fixed
CONUS50-+00021-+00016,lower_48,compensation_outcome:no_direct_compensation_outcome,safety,1,1,compensation_outcome:no_direct_compensation_outcome,EPSG:5070_50km_fixed
CONUS50-+00021-+00016,lower_48,timing_implementation:payroll_effective_date,safety,4,4,timing_implementation:payroll_effective_date,EPSG:5070_50km_fixed
CONUS50-+00021-+00016,lower_48,pressure_channel:fiscal_constraint,safety,2,2,pressure_channel:fiscal_constraint,EPSG:5070_50km_fixed
CONUS50-+00021-+00016,lower_48,compensation_outcome:retroactive_pay,safety,5,5,compensation_outcome:retroactive_pay,EPSG:5070_50km_fixed
CONUS50-+00021-+00016,lower_48,timing_implementation:one_time,safety,2,2,timing_implementation:one_time,EPSG:5070_50km_fixed
CONUS50-+00021-+00016,lower_48,timing_implementation:retroactive,safety,5,5,timing_implementation:retroactive,EPSG:5070_50km_fixed
CONUS50-+00026-+00013,lower_48,institutional_channel:none_identified,safety,6,9,institutional_channel:none_identified,EPSG:5070_50km_fixed
CONUS50-+00026-+00013,lower_48,compensation_outcome:across_the_board_raise,safety,4,4,compensation_outcome:across_the_board_raise,EPSG:5070_50km_fixed
CONUS50-+00026-+00013,lower_48,timing_implementation:recurring,safety,4,4,timing_implementation:recurring,EPSG:5070_50km_fixed
CONUS50-+00026-+00013,lower_48,pressure_channel:none_identified,safety,6,8,pressure_channel:none_identified,EPSG:5070_50km_fixed
CONUS50-+00026-+00013,lower_48,pressure_channel:fiscal_constraint,safety,2,2,pressure_channel:fiscal_constraint,EPSG:5070_50km_fixed
CONUS50-+00026-+00013,lower_48,compensation_outcome:retroactive_pay,safety,4,4,compensation_outcome:retroactive_pay,EPSG:5070_50km_fixed
CONUS50-+00026-+00013,lower_48,timing_implementation:payroll_effective_date,safety,6,6,timing_implementation:payroll_effective_date,EPSG:5070_50km_fixed
CONUS50-+00026-+00013,lower_48,timing_implementation:retroactive,safety,4,4,timing_implementation:retroactive,EPSG:5070_50km_fixed
CONUS50-+00024-+00014,lower_48,institutional_channel:ordinance_council_adoption,safety,1,1,institutional_channel:ordinance_council_adoption,EPSG:5070_50km_fixed
CONUS50-+00018-+00017,lower_48,institutional_channel:budget_pay_plan_process,safety,1,1,institutional_channel:budget_pay_plan_process,EPSG:5070_50km_fixed
CONUS50-+00018-+00017,lower_48,compensation_outcome:retroactive_pay,safety,4,4,compensation_outcome:retroactive_pay,EPSG:5070_50km_fixed
CONUS50-+00018-+00017,lower_48,timing_implementation:one_time,safety,1,1,timing_implementation:one_time,EPSG:5070_50km_fixed
CONUS50-+00018-+00017,lower_48,timing_implementation:retroactive,safety,4,4,timing_implementation:retroactive,EPSG:5070_50km_fixed
CONUS50-+00018-+00017,lower_48,pressure_channel:fiscal_constraint,safety,1,1,pressure_channel:fiscal_constraint,EPSG:5070_50km_fixed
CONUS50-+00024-+00014,lower_48,compensation_outcome:holiday_pay,safety,1,1,compensation_outcome:holiday_pay,EPSG:5070_50km_fixed
CONUS50-+00022-+00017,lower_48,compensation_outcome:non_base_compensation_other,safety,1,1,compensation_outcome:non_base_compensation_other,EPSG:5070_50km_fixed
CONUS50-+00020-+00017,lower_48,compensation_outcome:non_base_compensation_other,safety,1,1,compensation_outcome:non_base_compensation_other,EPSG:5070_50km_fixed
CONUS50-+00020-+00017,lower_48,timing_implementation:one_time,safety,2,2,timing_implementation:one_time,EPSG:5070_50km_fixed
CONUS50-+00024-+00014,lower_48,compensation_outcome:non_base_compensation_other,safety,2,2,compensation_outcome:non_base_compensation_other,EPSG:5070_50km_fixed
CONUS50-+00024-+00017,lower_48,compensation_outcome:stipend_or_premium,safety,3,3,compensation_outcome:stipend_or_premium,EPSG:5070_50km_fixed
CONUS50-+00024-+00017,lower_48,timing_implementation:one_time,safety,4,4,timing_implementation:one_time,EPSG:5070_50km_fixed
CONUS50-+00020-+00018,lower_48,institutional_channel:none_identified,safety,2,3,institutional_channel:none_identified,EPSG:5070_50km_fixed
CONUS50-+00020-+00018,lower_48,compensation_outcome:retroactive_pay,safety,2,3,compensation_outcome:retroactive_pay,EPSG:5070_50km_fixed
CONUS50-+00020-+00018,lower_48,timing_implementation:payroll_effective_date,safety,2,2,timing_implementation:payroll_effective_date,EPSG:5070_50km_fixed
CONUS50-+00020-+00018,lower_48,timing_implementation:retroactive,safety,2,3,timing_implementation:retroactive,EPSG:5070_50km_fixed
CONUS50-+00020-+00018,lower_48,pressure_channel:none_identified,safety,2,3,pressure_channel:none_identified,EPSG:5070_50km_fixed
CONUS50-+00020-+00018,lower_48,compensation_outcome:across_the_board_raise,safety,1,1,compensation_outcome:across_the_board_raise,EPSG:5070_50km_fixed
CONUS50-+00020-+00018,lower_48,timing_implementation:one_time,safety,1,1,timing_implementation:one_time,EPSG:5070_50km_fixed
CONUS50-+00022-+00016,lower_48,institutional_channel:none_identified,safety,1,1,institutional_channel:none_identified,EPSG:5070_50km_fixed
CONUS50-+00022-+00016,lower_48,compensation_outcome:retroactive_pay,safety,1,1,compensation_outcome:retroactive_pay,EPSG:5070_50km_fixed
CONUS50-+00022-+00016,lower_48,timing_implementation:payroll_effective_date,safety,1,1,timing_implementation:payroll_effective_date,EPSG:5070_50km_fixed
CONUS50-+00022-+00016,lower_48,timing_implementation:retroactive,safety,1,1,timing_implementation:retroactive,EPSG:5070_50km_fixed
CONUS50-+00022-+00016,lower_48,pressure_channel:none_identified,safety,1,1,pressure_channel:none_identified,EPSG:5070_50km_fixed
CONUS50-+00019-+00017,lower_48,institutional_channel:none_identified,safety,3,4,institutional_channel:none_identified,EPSG:5070_50km_fixed
CONUS50-+00019-+00017,lower_48,compensation_outcome:uniform_or_equipment_allowance,safety,1,1,compensation_outcome:uniform_or_equipment_allowance,EPSG:5070_50km_fixed
CONUS50-+00019-+00017,lower_48,timing_implementation:recurring,safety,1,1,timing_implementation:recurring,EPSG:5070_50km_fixed
CONUS50-+00019-+00017,lower_48,pressure_channel:none_identified,safety,3,4,pressure_channel:none_identified,EPSG:5070_50km_fixed
CONUS50-+00019-+00017,lower_48,compensation_outcome:retroactive_pay,safety,3,3,compensation_outcome:retroactive_pay,EPSG:5070_50km_fixed
CONUS50-+00019-+00017,lower_48,timing_implementation:payroll_effective_date,safety,3,3,timing_implementation:payroll_effective_date,EPSG:5070_50km_fixed
CONUS50-+00019-+00017,lower_48,timing_implementation:retroactive,safety,3,3,timing_implementation:retroactive,EPSG:5070_50km_fixed
CONUS50-+00020-+00017,lower_48,institutional_channel:budget_pay_plan_process,safety,1,1,institutional_channel:budget_pay_plan_process,EPSG:5070_50km_fixed
CONUS50-+00020-+00017,lower_48,institutional_channel:settlement_or_mou,safety,1,1,institutional_channel:settlement_or_mou,EPSG:5070_50km_fixed
CONUS50-+00020-+00017,lower_48,pressure_channel:fiscal_constraint,safety,2,2,pressure_channel:fiscal_constraint,EPSG:5070_50km_fixed
CONUS50-+00025-+00013,lower_48,compensation_outcome:cola_cpi_adjustment,safety,1,1,compensation_outcome:cola_cpi_adjustment,EPSG:5070_50km_fixed
CONUS50-+00025-+00013,lower_48,institutional_channel:budget_pay_plan_process,safety,3,3,institutional_channel:budget_pay_plan_process,EPSG:5070_50km_fixed
CONUS50-+00025-+00013,lower_48,compensation_outcome:no_direct_compensation_outcome,safety,2,2,compensation_outcome:no_direct_compensation_outcome,EPSG:5070_50km_fixed
CONUS50-+00025-+00013,lower_48,pressure_channel:fiscal_constraint,safety,3,3,pressure_channel:fiscal_constraint,EPSG:5070_50km_fixed
CONUS50-+00025-+00013,lower_48,timing_implementation:one_time,safety,2,2,timing_implementation:one_time,EPSG:5070_50km_fixed
CONUS50-+00023-+00017,lower_48,institutional_channel:budget_pay_plan_process,safety,1,1,institutional_channel:budget_pay_plan_process,EPSG:5070_50km_fixed
CONUS50-+00023-+00017,lower_48,compensation_outcome:retroactive_pay,safety,1,1,compensation_outcome:retroactive_pay,EPSG:5070_50km_fixed
CONUS50-+00023-+00017,lower_48,timing_implementation:one_time,safety,1,1,timing_implementation:one_time,EPSG:5070_50km_fixed
CONUS50-+00023-+00017,lower_48,timing_implementation:retroactive,safety,1,1,timing_implementation:retroactive,EPSG:5070_50km_fixed
CONUS50-+00023-+00017,lower_48,pressure_channel:fiscal_constraint,safety,1,1,pressure_channel:fiscal_constraint,EPSG:5070_50km_fixed
CONUS50-+00024-+00015,lower_48,institutional_channel:budget_pay_plan_process,safety,2,2,institutional_channel:budget_pay_plan_process,EPSG:5070_50km_fixed
CONUS50-+00024-+00015,lower_48,compensation_outcome:no_direct_compensation_outcome,safety,2,2,compensation_outcome:no_direct_compensation_outcome,EPSG:5070_50km_fixed
CONUS50-+00024-+00015,lower_48,timing_implementation:payroll_effective_date,safety,4,4,timing_implementation:payroll_effective_date,EPSG:5070_50km_fixed
CONUS50-+00024-+00015,lower_48,pressure_channel:fiscal_constraint,safety,2,2,pressure_channel:fiscal_constraint,EPSG:5070_50km_fixed
CONUS50-+00018-+00017,lower_48,institutional_channel:none_identified,safety,4,4,institutional_channel:none_identified,EPSG:5070_50km_fixed
CONUS50-+00018-+00017,lower_48,compensation_outcome:base_wage_change,safety,3,3,compensation_outcome:base_wage_change,EPSG:5070_50km_fixed
CONUS50-+00018-+00017,lower_48,timing_implementation:payroll_effective_date,safety,3,3,timing_implementation:payroll_effective_date,EPSG:5070_50km_fixed
CONUS50-+00018-+00017,lower_48,timing_implementation:recurring,safety,4,4,timing_implementation:recurring,EPSG:5070_50km_fixed
CONUS50-+00018-+00017,lower_48,pressure_channel:none_identified,safety,4,4,pressure_channel:none_identified,EPSG:5070_50km_fixed
CONUS50-+00018-+00017,lower_48,compensation_outcome:stipend_or_premium,safety,1,1,compensation_outcome:stipend_or_premium,EPSG:5070_50km_fixed
CONUS50-+00019-+00018,lower_48,compensation_outcome:across_the_board_raise,safety,1,1,compensation_outcome:across_the_board_raise,EPSG:5070_50km_fixed
CONUS50-+00019-+00018,lower_48,compensation_outcome:classification_band_change,safety,1,1,compensation_outcome:classification_band_change,EPSG:5070_50km_fixed
CONUS50-+00019-+00018,lower_48,timing_implementation:unclear,safety,1,1,timing_implementation:unclear,EPSG:5070_50km_fixed
CONUS50-+00021-+00017,lower_48,compensation_outcome:overtime,safety,1,1,compensation_outcome:overtime,EPSG:5070_50km_fixed
CONUS50-+00024-+00016,lower_48,compensation_outcome:lump_sum,safety,1,1,compensation_outcome:lump_sum,EPSG:5070_50km_fixed
CONUS50-+00020-+00017,lower_48,compensation_outcome:step_progression,safety,1,1,compensation_outcome:step_progression,EPSG:5070_50km_fixed
CONUS50-+00020-+00017,lower_48,timing_implementation:recurring,safety,3,3,timing_implementation:recurring,EPSG:5070_50km_fixed
CONUS50-+00022-+00017,lower_48,compensation_outcome:classification_band_change,safety,1,1,compensation_outcome:classification_band_change,EPSG:5070_50km_fixed
CONUS50-+00022-+00017,lower_48,compensation_outcome:step_progression,safety,1,1,compensation_outcome:step_progression,EPSG:5070_50km_fixed
CONUS50-+00022-+00017,lower_48,compensation_outcome:uniform_or_equipment_allowance,safety,1,1,compensation_outcome:uniform_or_equipment_allowance,EPSG:5070_50km_fixed
CONUS50-+00025-+00013,lower_48,compensation_outcome:uniform_or_equipment_allowance,safety,1,1,compensation_outcome:uniform_or_equipment_allowance,EPSG:5070_50km_fixed
CONUS50-+00021-+00016,lower_48,institutional_channel:none_identified,safety,4,5,institutional_channel:none_identified,EPSG:5070_50km_fixed
CONUS50-+00021-+00016,lower_48,pressure_channel:none_identified,safety,4,5,pressure_channel:none_identified,EPSG:5070_50km_fixed
CONUS50-+00020-+00017,lower_48,compensation_outcome:across_the_board_raise,safety,1,1,compensation_outcome:across_the_board_raise,EPSG:5070_50km_fixed
CONUS50-+00020-+00017,lower_48,compensation_outcome:base_wage_change,safety,1,1,compensation_outcome:base_wage_change,EPSG:5070_50km_fixed
CONUS50-+00024-+00018,lower_48,institutional_channel:none_identified,safety,1,2,institutional_channel:none_identified,EPSG:5070_50km_fixed
CONUS50-+00024-+00018,lower_48,compensation_outcome:non_base_compensation_other,safety,1,1,compensation_outcome:non_base_compensation_other,EPSG:5070_50km_fixed
CONUS50-+00024-+00018,lower_48,timing_implementation:payroll_effective_date,safety,1,1,timing_implementation:payroll_effective_date,EPSG:5070_50km_fixed
CONUS50-+00024-+00018,lower_48,pressure_channel:none_identified,safety,1,2,pressure_channel:none_identified,EPSG:5070_50km_fixed
CONUS50-+00024-+00018,lower_48,compensation_outcome:retroactive_pay,safety,1,1,compensation_outcome:retroactive_pay,EPSG:5070_50km_fixed
CONUS50-+00024-+00018,lower_48,timing_implementation:one_time,safety,1,1,timing_implementation:one_time,EPSG:5070_50km_fixed
CONUS50-+00024-+00018,lower_48,timing_implementation:retroactive,safety,1,1,timing_implementation:retroactive,EPSG:5070_50km_fixed
CONUS50-+00024-+00014,lower_48,timing_implementation:unclear,safety,1,1,timing_implementation:unclear,EPSG:5070_50km_fixed
CONUS50-+00023-+00015,lower_48,institutional_channel:budget_pay_plan_process,safety,1,1,institutional_channel:budget_pay_plan_process,EPSG:5070_50km_fixed
CONUS50-+00023-+00015,lower_48,compensation_outcome:no_direct_compensation_outcome,safety,1,1,compensation_outcome:no_direct_compensation_outcome,EPSG:5070_50km_fixed
CONUS50-+00023-+00015,lower_48,timing_implementation:payroll_effective_date,safety,2,2,timing_implementation:payroll_effective_date,EPSG:5070_50km_fixed
CONUS50-+00023-+00015,lower_48,pressure_channel:fiscal_constraint,safety,1,1,pressure_channel:fiscal_constraint,EPSG:5070_50km_fixed
CONUS50-+00024-+00015,lower_48,timing_implementation:unclear,safety,1,1,timing_implementation:unclear,EPSG:5070_50km_fixed
CONUS50-+00026-+00013,lower_48,compensation_outcome:no_direct_compensation_outcome,safety,2,2,compensation_outcome:no_direct_compensation_outcome,EPSG:5070_50km_fixed
CONUS50-+00026-+00013,lower_48,institutional_channel:budget_pay_plan_process,safety,1,1,institutional_channel:budget_pay_plan_process,EPSG:5070_50km_fixed
CONUS50-+00024-+00014,lower_48,compensation_outcome:classification_band_change,safety,1,1,compensation_outcome:classification_band_change,EPSG:5070_50km_fixed
CONUS50-+00024-+00014,lower_48,compensation_outcome:base_wage_change,safety,1,1,compensation_outcome:base_wage_change,EPSG:5070_50km_fixed
CONUS50-+00026-+00013,lower_48,timing_implementation:one_time,safety,1,1,timing_implementation:one_time,EPSG:5070_50km_fixed
CONUS50-+00024-+00017,lower_48,institutional_channel:budget_pay_plan_process,safety,1,1,institutional_channel:budget_pay_plan_process,EPSG:5070_50km_fixed
CONUS50-+00024-+00017,lower_48,compensation_outcome:no_direct_compensation_outcome,safety,1,1,compensation_outcome:no_direct_compensation_outcome,EPSG:5070_50km_fixed
CONUS50-+00024-+00017,lower_48,pressure_channel:fiscal_constraint,safety,1,1,pressure_channel:fiscal_constraint,EPSG:5070_50km_fixed
CONUS50-+00023-+00018,lower_48,institutional_channel:none_identified,safety,1,2,institutional_channel:none_identified,EPSG:5070_50km_fixed
CONUS50-+00023-+00018,lower_48,compensation_outcome:across_the_board_raise,safety,1,1,compensation_outcome:across_the_board_raise,EPSG:5070_50km_fixed
CONUS50-+00023-+00018,lower_48,compensation_outcome:cola_cpi_adjustment,safety,1,1,compensation_outcome:cola_cpi_adjustment,EPSG:5070_50km_fixed
CONUS50-+00023-+00018,lower_48,timing_implementation:recurring,safety,1,1,timing_implementation:recurring,EPSG:5070_50km_fixed
CONUS50-+00023-+00018,lower_48,pressure_channel:none_identified,safety,1,2,pressure_channel:none_identified,EPSG:5070_50km_fixed
CONUS50-+00023-+00018,lower_48,compensation_outcome:retroactive_pay,safety,1,1,compensation_outcome:retroactive_pay,EPSG:5070_50km_fixed
CONUS50-+00023-+00018,lower_48,timing_implementation:one_time,safety,1,1,timing_implementation:one_time,EPSG:5070_50km_fixed
CONUS50-+00023-+00018,lower_48,timing_implementation:payroll_effective_date,safety,1,1,timing_implementation:payroll_effective_date,EPSG:5070_50km_fixed
CONUS50-+00023-+00018,lower_48,timing_implementation:retroactive,safety,1,1,timing_implementation:retroactive,EPSG:5070_50km_fixed
CONUS50-+00024-+00015,lower_48,institutional_channel:none_identified,safety,5,6,institutional_channel:none_identified,EPSG:5070_50km_fixed
CONUS50-+00024-+00015,lower_48,compensation_outcome:retroactive_pay,safety,5,6,compensation_outcome:retroactive_pay,EPSG:5070_50km_fixed
CONUS50-+00024-+00015,lower_48,timing_implementation:retroactive,safety,5,6,timing_implementation:retroactive,EPSG:5070_50km_fixed
CONUS50-+00024-+00015,lower_48,pressure_channel:none_identified,safety,5,5,pressure_channel:none_identified,EPSG:5070_50km_fixed
CONUS50-+00024-+00015,lower_48,compensation_outcome:base_wage_change,safety,1,1,compensation_outcome:base_wage_change,EPSG:5070_50km_fixed
CONUS50-+00024-+00015,lower_48,timing_implementation:recurring,safety,1,1,timing_implementation:recurring,EPSG:5070_50km_fixed
CONUS50-+00022-+00015,lower_48,institutional_channel:none_identified,safety,2,2,institutional_channel:none_identified,EPSG:5070_50km_fixed
CONUS50-+00022-+00015,lower_48,compensation_outcome:retroactive_pay,safety,2,2,compensation_outcome:retroactive_pay,EPSG:5070_50km_fixed
CONUS50-+00022-+00015,lower_48,timing_implementation:one_time,safety,1,1,timing_implementation:one_time,EPSG:5070_50km_fixed
CONUS50-+00022-+00015,lower_48,timing_implementation:retroactive,safety,2,2,timing_implementation:retroactive,EPSG:5070_50km_fixed
CONUS50-+00022-+00015,lower_48,pressure_channel:none_identified,safety,2,2,pressure_channel:none_identified,EPSG:5070_50km_fixed
CONUS50-+00023-+00015,lower_48,institutional_channel:none_identified,safety,1,2,institutional_channel:none_identified,EPSG:5070_50km_fixed
CONUS50-+00023-+00015,lower_48,compensation_outcome:across_the_board_raise,safety,1,1,compensation_outcome:across_the_board_raise,EPSG:5070_50km_fixed
CONUS50-+00023-+00015,lower_48,compensation_outcome:longevity,safety,1,1,compensation_outcome:longevity,EPSG:5070_50km_fixed
CONUS50-+00023-+00015,lower_48,timing_implementation:recurring,safety,1,1,timing_implementation:recurring,EPSG:5070_50km_fixed
CONUS50-+00023-+00015,lower_48,pressure_channel:none_identified,safety,1,2,pressure_channel:none_identified,EPSG:5070_50km_fixed
CONUS50-+00023-+00015,lower_48,compensation_outcome:retroactive_pay,safety,1,1,compensation_outcome:retroactive_pay,EPSG:5070_50km_fixed
CONUS50-+00023-+00015,lower_48,timing_implementation:retroactive,safety,1,1,timing_implementation:retroactive,EPSG:5070_50km_fixed
CONUS50-+00021-+00016,lower_48,compensation_outcome:overtime,safety,1,1,compensation_outcome:overtime,EPSG:5070_50km_fixed
CONUS50-+00021-+00016,lower_48,timing_implementation:recurring,safety,1,1,timing_implementation:recurring,EPSG:5070_50km_fixed
CONUS50-+00022-+00018,lower_48,institutional_channel:budget_pay_plan_process,safety,3,3,institutional_channel:budget_pay_plan_process,EPSG:5070_50km_fixed
CONUS50-+00022-+00018,lower_48,compensation_outcome:no_direct_compensation_outcome,safety,3,3,compensation_outcome:no_direct_compensation_outcome,EPSG:5070_50km_fixed
CONUS50-+00022-+00018,lower_48,timing_implementation:payroll_effective_date,safety,3,3,timing_implementation:payroll_effective_date,EPSG:5070_50km_fixed
CONUS50-+00022-+00018,lower_48,pressure_channel:fiscal_constraint,safety,3,3,pressure_channel:fiscal_constraint,EPSG:5070_50km_fixed
CONUS50-+00020-+00016,lower_48,compensation_outcome:stipend_or_premium,safety,2,2,compensation_outcome:stipend_or_premium,EPSG:5070_50km_fixed
CONUS50-+00020-+00016,lower_48,compensation_outcome:step_progression,safety,1,1,compensation_outcome:step_progression,EPSG:5070_50km_fixed
CONUS50-+00024-+00015,lower_48,timing_implementation:one_time,safety,2,3,timing_implementation:one_time,EPSG:5070_50km_fixed
CONUS50-+00024-+00015,lower_48,pressure_channel:comparability_parity,safety,1,1,pressure_channel:comparability_parity,EPSG:5070_50km_fixed
CONUS50-+00024-+00014,lower_48,institutional_channel:settlement_or_mou,safety,1,1,institutional_channel:settlement_or_mou,EPSG:5070_50km_fixed
CONUS50-+00013-+00017,lower_48,institutional_channel:none_identified,safety,19,23,institutional_channel:none_identified,EPSG:5070_50km_fixed
CONUS50-+00013-+00017,lower_48,compensation_outcome:across_the_board_raise,safety,4,4,compensation_outcome:across_the_board_raise,EPSG:5070_50km_fixed
CONUS50-+00013-+00017,lower_48,timing_implementation:recurring,safety,10,11,timing_implementation:recurring,EPSG:5070_50km_fixed
CONUS50-+00013-+00017,lower_48,pressure_channel:none_identified,safety,22,26,pressure_channel:none_identified,EPSG:5070_50km_fixed
CONUS50-+00017-+00017,lower_48,institutional_channel:none_identified,safety,4,6,institutional_channel:none_identified,EPSG:5070_50km_fixed
CONUS50-+00017-+00017,lower_48,compensation_outcome:longevity,safety,1,1,compensation_outcome:longevity,EPSG:5070_50km_fixed
CONUS50-+00017-+00017,lower_48,timing_implementation:recurring,safety,2,2,timing_implementation:recurring,EPSG:5070_50km_fixed
CONUS50-+00017-+00017,lower_48,pressure_channel:none_identified,safety,4,6,pressure_channel:none_identified,EPSG:5070_50km_fixed
CONUS50-+00017-+00017,lower_48,compensation_outcome:retroactive_pay,safety,3,3,compensation_outcome:retroactive_pay,EPSG:5070_50km_fixed
CONUS50-+00017-+00017,lower_48,timing_implementation:payroll_effective_date,safety,4,4,timing_implementation:payroll_effective_date,EPSG:5070_50km_fixed
CONUS50-+00017-+00017,lower_48,timing_implementation:retroactive,safety,3,3,timing_implementation:retroactive,EPSG:5070_50km_fixed
CONUS50-+00017-+00015,lower_48,institutional_channel:budget_pay_plan_process,safety,3,3,institutional_channel:budget_pay_plan_process,EPSG:5070_50km_fixed
CONUS50-+00017-+00015,lower_48,compensation_outcome:no_direct_compensation_outcome,safety,3,3,compensation_outcome:no_direct_compensation_outcome,EPSG:5070_50km_fixed
CONUS50-+00017-+00015,lower_48,timing_implementation:payroll_effective_date,safety,9,9,timing_implementation:payroll_effective_date,EPSG:5070_50km_fixed
CONUS50-+00017-+00015,lower_48,pressure_channel:fiscal_constraint,safety,3,3,pressure_channel:fiscal_constraint,EPSG:5070_50km_fixed
CONUS50-+00015-+00014,lower_48,institutional_channel:none_identified,safety,7,9,institutional_channel:none_identified,EPSG:5070_50km_fixed
CONUS50-+00015-+00014,lower_48,compensation_outcome:retroactive_pay,safety,5,5,compensation_outcome:retroactive_pay,EPSG:5070_50km_fixed
CONUS50-+00015-+00014,lower_48,timing_implementation:payroll_effective_date,safety,3,3,timing_implementation:payroll_effective_date,EPSG:5070_50km_fixed
CONUS50-+00015-+00014,lower_48,timing_implementation:retroactive,safety,5,5,timing_implementation:retroactive,EPSG:5070_50km_fixed
CONUS50-+00015-+00014,lower_48,pressure_channel:market_recruitment_retention,safety,1,1,pressure_channel:market_recruitment_retention,EPSG:5070_50km_fixed
CONUS50-+00015-+00014,lower_48,compensation_outcome:holiday_pay,safety,1,1,compensation_outcome:holiday_pay,EPSG:5070_50km_fixed
CONUS50-+00015-+00014,lower_48,timing_implementation:recurring,safety,4,4,timing_implementation:recurring,EPSG:5070_50km_fixed
CONUS50-+00015-+00014,lower_48,pressure_channel:none_identified,safety,6,8,pressure_channel:none_identified,EPSG:5070_50km_fixed
CONUS50-+00015-+00014,lower_48,compensation_outcome:across_the_board_raise,safety,3,3,compensation_outcome:across_the_board_raise,EPSG:5070_50km_fixed
CONUS50-+00015-+00014,lower_48,timing_implementation:one_time,safety,2,2,timing_implementation:one_time,EPSG:5070_50km_fixed
CONUS50-+00013-+00016,lower_48,institutional_channel:none_identified,safety,15,21,institutional_channel:none_identified,EPSG:5070_50km_fixed
CONUS50-+00013-+00016,lower_48,compensation_outcome:uniform_or_equipment_allowance,safety,1,1,compensation_outcome:uniform_or_equipment_allowance,EPSG:5070_50km_fixed
CONUS50-+00013-+00016,lower_48,timing_implementation:recurring,safety,5,5,timing_implementation:recurring,EPSG:5070_50km_fixed
CONUS50-+00013-+00016,lower_48,pressure_channel:none_identified,safety,15,21,pressure_channel:none_identified,EPSG:5070_50km_fixed
CONUS50-+00013-+00016,lower_48,compensation_outcome:retroactive_pay,safety,6,6,compensation_outcome:retroactive_pay,EPSG:5070_50km_fixed
CONUS50-+00013-+00016,lower_48,timing_implementation:payroll_effective_date,safety,12,12,timing_implementation:payroll_effective_date,EPSG:5070_50km_fixed
CONUS50-+00013-+00016,lower_48,timing_implementation:retroactive,safety,6,6,timing_implementation:retroactive,EPSG:5070_50km_fixed
CONUS50-+00014-+00018,lower_48,institutional_channel:collective_bargaining,safety,1,1,institutional_channel:collective_bargaining,EPSG:5070_50km_fixed
CONUS50-+00014-+00018,lower_48,compensation_outcome:no_direct_compensation_outcome,safety,2,2,compensation_outcome:no_direct_compensation_outcome,EPSG:5070_50km_fixed
CONUS50-+00014-+00018,lower_48,pressure_channel:bargaining_leverage,safety,1,1,pressure_channel:bargaining_leverage,EPSG:5070_50km_fixed
CONUS50-+00014-+00018,lower_48,compensation_outcome:benefit_cost_change,safety,1,1,compensation_outcome:benefit_cost_change,EPSG:5070_50km_fixed
CONUS50-+00017-+00016,lower_48,institutional_channel:none_identified,safety,27,40,institutional_channel:none_identified,EPSG:5070_50km_fixed
CONUS50-+00017-+00016,lower_48,compensation_outcome:across_the_board_raise,safety,9,9,compensation_outcome:across_the_board_raise,EPSG:5070_50km_fixed
CONUS50-+00017-+00016,lower_48,timing_implementation:recurring,safety,13,18,timing_implementation:recurring,EPSG:5070_50km_fixed
CONUS50-+00017-+00016,lower_48,pressure_channel:none_identified,safety,28,41,pressure_channel:none_identified,EPSG:5070_50km_fixed
CONUS50-+00017-+00016,lower_48,compensation_outcome:non_base_compensation_other,safety,7,7,compensation_outcome:non_base_compensation_other,EPSG:5070_50km_fixed
CONUS50-+00017-+00016,lower_48,timing_implementation:payroll_effective_date,safety,27,31,timing_implementation:payroll_effective_date,EPSG:5070_50km_fixed
CONUS50-+00016-+00015,lower_48,institutional_channel:budget_pay_plan_process,safety,2,2,institutional_channel:budget_pay_plan_process,EPSG:5070_50km_fixed
CONUS50-+00016-+00015,lower_48,compensation_outcome:no_direct_compensation_outcome,safety,2,2,compensation_outcome:no_direct_compensation_outcome,EPSG:5070_50km_fixed
CONUS50-+00016-+00015,lower_48,timing_implementation:payroll_effective_date,safety,5,5,timing_implementation:payroll_effective_date,EPSG:5070_50km_fixed
CONUS50-+00016-+00015,lower_48,pressure_channel:fiscal_constraint,safety,2,2,pressure_channel:fiscal_constraint,EPSG:5070_50km_fixed
CONUS50-+00016-+00015,lower_48,institutional_channel:none_identified,safety,3,5,institutional_channel:none_identified,EPSG:5070_50km_fixed
CONUS50-+00016-+00015,lower_48,compensation_outcome:across_the_board_raise,safety,1,1,compensation_outcome:across_the_board_raise,EPSG:5070_50km_fixed
CONUS50-+00016-+00015,lower_48,timing_implementation:recurring,safety,1,2,timing_implementation:recurring,EPSG:5070_50km_fixed
CONUS50-+00016-+00015,lower_48,pressure_channel:none_identified,safety,3,5,pressure_channel:none_identified,EPSG:5070_50km_fixed
CONUS50-+00016-+00015,lower_48,compensation_outcome:non_base_compensation_other,safety,3,3,compensation_outcome:non_base_compensation_other,EPSG:5070_50km_fixed
CONUS50-+00016-+00015,lower_48,compensation_outcome:longevity,safety,1,1,compensation_outcome:longevity,EPSG:5070_50km_fixed
CONUS50-+00016-+00015,lower_48,compensation_outcome:step_progression,safety,1,1,compensation_outcome:step_progression,EPSG:5070_50km_fixed
CONUS50-+00015-+00015,lower_48,institutional_channel:none_identified,safety,12,18,institutional_channel:none_identified,EPSG:5070_50km_fixed
CONUS50-+00015-+00015,lower_48,compensation_outcome:retroactive_pay,safety,8,8,compensation_outcome:retroactive_pay,EPSG:5070_50km_fixed
CONUS50-+00015-+00015,lower_48,timing_implementation:payroll_effective_date,safety,9,11,timing_implementation:payroll_effective_date,EPSG:5070_50km_fixed
CONUS50-+00015-+00015,lower_48,timing_implementation:retroactive,safety,8,8,timing_implementation:retroactive,EPSG:5070_50km_fixed
CONUS50-+00015-+00015,lower_48,pressure_channel:none_identified,safety,12,18,pressure_channel:none_identified,EPSG:5070_50km_fixed
CONUS50-+00014-+00017,lower_48,institutional_channel:none_identified,safety,25,31,institutional_channel:none_identified,EPSG:5070_50km_fixed
CONUS50-+00014-+00017,lower_48,compensation_outcome:retroactive_pay,safety,20,20,compensation_outcome:retroactive_pay,EPSG:5070_50km_fixed
CONUS50-+00014-+00017,lower_48,timing_implementation:payroll_effective_date,safety,24,27,timing_implementation:payroll_effective_date,EPSG:5070_50km_fixed
CONUS50-+00014-+00017,lower_48,timing_implementation:retroactive,safety,20,20,timing_implementation:retroactive,EPSG:5070_50km_fixed
CONUS50-+00014-+00017,lower_48,pressure_channel:none_identified,safety,25,31,pressure_channel:none_identified,EPSG:5070_50km_fixed
CONUS50-+00016-+00016,lower_48,institutional_channel:none_identified,safety,28,40,institutional_channel:none_identified,EPSG:5070_50km_fixed
CONUS50-+00016-+00016,lower_48,compensation_outcome:across_the_board_raise,safety,5,5,compensation_outcome:across_the_board_raise,EPSG:5070_50km_fixed
CONUS50-+00016-+00016,lower_48,timing_implementation:recurring,safety,10,11,timing_implementation:recurring,EPSG:5070_50km_fixed
CONUS50-+00016-+00016,lower_48,pressure_channel:none_identified,safety,28,43,pressure_channel:none_identified,EPSG:5070_50km_fixed
CONUS50-+00016-+00016,lower_48,institutional_channel:ordinance_council_adoption,safety,1,1,institutional_channel:ordinance_council_adoption,EPSG:5070_50km_fixed
CONUS50-+00016-+00016,lower_48,compensation_outcome:retroactive_pay,safety,22,22,compensation_outcome:retroactive_pay,EPSG:5070_50km_fixed
CONUS50-+00016-+00016,lower_48,timing_implementation:one_time,safety,8,11,timing_implementation:one_time,EPSG:5070_50km_fixed
CONUS50-+00016-+00016,lower_48,timing_implementation:ordinance_adoption,safety,1,1,timing_implementation:ordinance_adoption,EPSG:5070_50km_fixed
CONUS50-+00016-+00016,lower_48,timing_implementation:payroll_effective_date,safety,22,24,timing_implementation:payroll_effective_date,EPSG:5070_50km_fixed
CONUS50-+00016-+00016,lower_48,timing_implementation:retroactive,safety,22,22,timing_implementation:retroactive,EPSG:5070_50km_fixed
CONUS50-+00016-+00016,lower_48,compensation_outcome:lump_sum,safety,4,4,compensation_outcome:lump_sum,EPSG:5070_50km_fixed
CONUS50-+00017-+00016,lower_48,compensation_outcome:holiday_pay,safety,1,1,compensation_outcome:holiday_pay,EPSG:5070_50km_fixed
CONUS50-+00017-+00016,lower_48,compensation_outcome:overtime,safety,1,1,compensation_outcome:overtime,EPSG:5070_50km_fixed
CONUS50-+00017-+00016,lower_48,compensation_outcome:retroactive_pay,safety,18,18,compensation_outcome:retroactive_pay,EPSG:5070_50km_fixed
CONUS50-+00017-+00016,lower_48,timing_implementation:retroactive,safety,18,18,timing_implementation:retroactive,EPSG:5070_50km_fixed
CONUS50-+00017-+00016,lower_48,compensation_outcome:uniform_or_equipment_allowance,safety,4,4,compensation_outcome:uniform_or_equipment_allowance,EPSG:5070_50km_fixed
CONUS50-+00017-+00016,lower_48,compensation_outcome:step_progression,safety,1,1,compensation_outcome:step_progression,EPSG:5070_50km_fixed
CONUS50-+00017-+00016,lower_48,compensation_outcome:base_wage_change,safety,2,2,compensation_outcome:base_wage_change,EPSG:5070_50km_fixed
CONUS50-+00016-+00016,lower_48,compensation_outcome:longevity,safety,2,2,compensation_outcome:longevity,EPSG:5070_50km_fixed
CONUS50-+00013-+00017,lower_48,compensation_outcome:lump_sum,safety,1,1,compensation_outcome:lump_sum,EPSG:5070_50km_fixed
CONUS50-+00013-+00017,lower_48,compensation_outcome:step_progression,safety,3,4,compensation_outcome:step_progression,EPSG:5070_50km_fixed
CONUS50-+00013-+00017,lower_48,timing_implementation:one_time,safety,4,4,timing_implementation:one_time,EPSG:5070_50km_fixed
CONUS50-+00013-+00017,lower_48,compensation_outcome:non_base_compensation_other,safety,8,8,compensation_outcome:non_base_compensation_other,EPSG:5070_50km_fixed
CONUS50-+00013-+00017,lower_48,timing_implementation:unclear,safety,1,1,timing_implementation:unclear,EPSG:5070_50km_fixed
CONUS50-+00013-+00017,lower_48,compensation_outcome:uniform_or_equipment_allowance,safety,2,2,compensation_outcome:uniform_or_equipment_allowance,EPSG:5070_50km_fixed
CONUS50-+00013-+00017,lower_48,timing_implementation:payroll_effective_date,safety,15,17,timing_implementation:payroll_effective_date,EPSG:5070_50km_fixed
CONUS50-+00017-+00016,lower_48,compensation_outcome:lump_sum,safety,1,1,compensation_outcome:lump_sum,EPSG:5070_50km_fixed
CONUS50-+00017-+00016,lower_48,timing_implementation:one_time,safety,3,3,timing_implementation:one_time,EPSG:5070_50km_fixed
CONUS50-+00016-+00017,lower_48,institutional_channel:budget_pay_plan_process,safety,1,1,institutional_channel:budget_pay_plan_process,EPSG:5070_50km_fixed
CONUS50-+00016-+00017,lower_48,compensation_outcome:retroactive_pay,safety,9,9,compensation_outcome:retroactive_pay,EPSG:5070_50km_fixed
CONUS50-+00016-+00017,lower_48,timing_implementation:one_time,safety,6,6,timing_implementation:one_time,EPSG:5070_50km_fixed
CONUS50-+00016-+00017,lower_48,timing_implementation:payroll_effective_date,safety,10,10,timing_implementation:payroll_effective_date,EPSG:5070_50km_fixed
CONUS50-+00016-+00017,lower_48,timing_implementation:retroactive,safety,9,9,timing_implementation:retroactive,EPSG:5070_50km_fixed
CONUS50-+00016-+00017,lower_48,pressure_channel:fiscal_constraint,safety,1,1,pressure_channel:fiscal_constraint,EPSG:5070_50km_fixed
CONUS50-+00016-+00017,lower_48,institutional_channel:none_identified,safety,12,15,institutional_channel:none_identified,EPSG:5070_50km_fixed
CONUS50-+00016-+00017,lower_48,compensation_outcome:holiday_pay,safety,1,1,compensation_outcome:holiday_pay,EPSG:5070_50km_fixed
CONUS50-+00016-+00017,lower_48,timing_implementation:recurring,safety,4,4,timing_implementation:recurring,EPSG:5070_50km_fixed
CONUS50-+00016-+00017,lower_48,pressure_channel:none_identified,safety,12,15,pressure_channel:none_identified,EPSG:5070_50km_fixed
CONUS50-+00016-+00017,lower_48,institutional_channel:collective_bargaining,safety,1,1,institutional_channel:collective_bargaining,EPSG:5070_50km_fixed
CONUS50-+00016-+00017,lower_48,compensation_outcome:no_direct_compensation_outcome,safety,1,1,compensation_outcome:no_direct_compensation_outcome,EPSG:5070_50km_fixed
CONUS50-+00016-+00017,lower_48,timing_implementation:unclear,safety,1,1,timing_implementation:unclear,EPSG:5070_50km_fixed
CONUS50-+00016-+00017,lower_48,pressure_channel:bargaining_leverage,safety,1,1,pressure_channel:bargaining_leverage,EPSG:5070_50km_fixed
CONUS50-+00016-+00017,lower_48,compensation_outcome:non_base_compensation_other,safety,3,3,compensation_outcome:non_base_compensation_other,EPSG:5070_50km_fixed
CONUS50-+00015-+00015,lower_48,compensation_outcome:stipend_or_premium,safety,2,3,compensation_outcome:stipend_or_premium,EPSG:5070_50km_fixed
CONUS50-+00015-+00015,lower_48,timing_implementation:recurring,safety,4,5,timing_implementation:recurring,EPSG:5070_50km_fixed
CONUS50-+00015-+00015,lower_48,compensation_outcome:step_progression,safety,1,1,compensation_outcome:step_progression,EPSG:5070_50km_fixed
CONUS50-+00015-+00015,lower_48,compensation_outcome:holiday_pay,safety,1,1,compensation_outcome:holiday_pay,EPSG:5070_50km_fixed
CONUS50-+00015-+00015,lower_48,timing_implementation:one_time,safety,3,4,timing_implementation:one_time,EPSG:5070_50km_fixed
CONUS50-+00015-+00015,lower_48,compensation_outcome:non_base_compensation_other,safety,4,4,compensation_outcome:non_base_compensation_other,EPSG:5070_50km_fixed
CONUS50-+00015-+00016,lower_48,institutional_channel:none_identified,safety,21,23,institutional_channel:none_identified,EPSG:5070_50km_fixed
CONUS50-+00015-+00016,lower_48,compensation_outcome:step_progression,safety,1,1,compensation_outcome:step_progression,EPSG:5070_50km_fixed
CONUS50-+00015-+00016,lower_48,timing_implementation:recurring,safety,6,6,timing_implementation:recurring,EPSG:5070_50km_fixed
CONUS50-+00015-+00016,lower_48,pressure_channel:none_identified,safety,21,23,pressure_channel:none_identified,EPSG:5070_50km_fixed
CONUS50-+00015-+00016,lower_48,compensation_outcome:retroactive_pay,safety,15,15,compensation_outcome:retroactive_pay,EPSG:5070_50km_fixed
CONUS50-+00015-+00016,lower_48,timing_implementation:payroll_effective_date,safety,16,20,timing_implementation:payroll_effective_date,EPSG:5070_50km_fixed
CONUS50-+00015-+00016,lower_48,timing_implementation:retroactive,safety,15,15,timing_implementation:retroactive,EPSG:5070_50km_fixed
CONUS50-+00016-+00016,lower_48,compensation_outcome:benefit_cost_change,safety,3,3,compensation_outcome:benefit_cost_change,EPSG:5070_50km_fixed
CONUS50-+00016-+00016,lower_48,institutional_channel:settlement_or_mou,safety,2,2,institutional_channel:settlement_or_mou,EPSG:5070_50km_fixed
CONUS50-+00014-+00016,lower_48,institutional_channel:budget_pay_plan_process,safety,5,5,institutional_channel:budget_pay_plan_process,EPSG:5070_50km_fixed
CONUS50-+00014-+00016,lower_48,compensation_outcome:benefit_cost_change,safety,2,2,compensation_outcome:benefit_cost_change,EPSG:5070_50km_fixed
CONUS50-+00014-+00016,lower_48,timing_implementation:payroll_effective_date,safety,10,11,timing_implementation:payroll_effective_date,EPSG:5070_50km_fixed
CONUS50-+00014-+00016,lower_48,pressure_channel:fiscal_constraint,safety,5,5,pressure_channel:fiscal_constraint,EPSG:5070_50km_fixed
CONUS50-+00014-+00016,lower_48,institutional_channel:none_identified,safety,6,8,institutional_channel:none_identified,EPSG:5070_50km_fixed
CONUS50-+00014-+00016,lower_48,compensation_outcome:non_base_compensation_other,safety,3,3,compensation_outcome:non_base_compensation_other,EPSG:5070_50km_fixed
CONUS50-+00014-+00016,lower_48,pressure_channel:none_identified,safety,7,10,pressure_channel:none_identified,EPSG:5070_50km_fixed
CONUS50-+00014-+00016,lower_48,compensation_outcome:no_direct_compensation_outcome,safety,4,4,compensation_outcome:no_direct_compensation_outcome,EPSG:5070_50km_fixed
CONUS50-+00014-+00016,lower_48,timing_implementation:unclear,safety,1,1,timing_implementation:unclear,EPSG:5070_50km_fixed
CONUS50-+00014-+00016,lower_48,compensation_outcome:retroactive_pay,safety,5,5,compensation_outcome:retroactive_pay,EPSG:5070_50km_fixed
CONUS50-+00014-+00016,lower_48,timing_implementation:one_time,safety,3,3,timing_implementation:one_time,EPSG:5070_50km_fixed
CONUS50-+00014-+00016,lower_48,timing_implementation:retroactive,safety,5,5,timing_implementation:retroactive,EPSG:5070_50km_fixed
CONUS50-+00013-+00015,lower_48,institutional_channel:none_identified,safety,14,16,institutional_channel:none_identified,EPSG:5070_50km_fixed
CONUS50-+00013-+00015,lower_48,compensation_outcome:non_base_compensation_other,safety,4,4,compensation_outcome:non_base_compensation_other,EPSG:5070_50km_fixed
CONUS50-+00013-+00015,lower_48,timing_implementation:unclear,safety,3,3,timing_implementation:unclear,EPSG:5070_50km_fixed
CONUS50-+00013-+00015,lower_48,pressure_channel:none_identified,safety,14,16,pressure_channel:none_identified,EPSG:5070_50km_fixed
CONUS50-+00013-+00015,lower_48,compensation_outcome:retroactive_pay,safety,13,13,compensation_outcome:retroactive_pay,EPSG:5070_50km_fixed
CONUS50-+00013-+00015,lower_48,timing_implementation:payroll_effective_date,safety,15,15,timing_implementation:payroll_effective_date,EPSG:5070_50km_fixed
CONUS50-+00013-+00015,lower_48,timing_implementation:retroactive,safety,13,13,timing_implementation:retroactive,EPSG:5070_50km_fixed
CONUS50-+00014-+00016,lower_48,institutional_channel:ordinance_council_adoption,safety,2,2,institutional_channel:ordinance_council_adoption,EPSG:5070_50km_fixed
CONUS50-+00015-+00017,lower_48,institutional_channel:none_identified,safety,13,17,institutional_channel:none_identified,EPSG:5070_50km_fixed
CONUS50-+00015-+00017,lower_48,compensation_outcome:retroactive_pay,safety,8,8,compensation_outcome:retroactive_pay,EPSG:5070_50km_fixed
CONUS50-+00015-+00017,lower_48,timing_implementation:one_time,safety,4,4,timing_implementation:one_time,EPSG:5070_50km_fixed
CONUS50-+00015-+00017,lower_48,timing_implementation:retroactive,safety,8,8,timing_implementation:retroactive,EPSG:5070_50km_fixed
CONUS50-+00015-+00017,lower_48,pressure_channel:none_identified,safety,12,16,pressure_channel:none_identified,EPSG:5070_50km_fixed
CONUS50-+00015-+00017,lower_48,compensation_outcome:base_wage_change,safety,3,3,compensation_outcome:base_wage_change,EPSG:5070_50km_fixed
CONUS50-+00015-+00017,lower_48,timing_implementation:recurring,safety,7,8,timing_implementation:recurring,EPSG:5070_50km_fixed
CONUS50-+00015-+00017,lower_48,pressure_channel:market_recruitment_retention,safety,2,2,pressure_channel:market_recruitment_retention,EPSG:5070_50km_fixed
CONUS50-+00015-+00017,lower_48,compensation_outcome:no_direct_compensation_outcome,safety,8,8,compensation_outcome:no_direct_compensation_outcome,EPSG:5070_50km_fixed
CONUS50-+00015-+00017,lower_48,timing_implementation:unclear,safety,2,2,timing_implementation:unclear,EPSG:5070_50km_fixed
CONUS50-+00015-+00017,lower_48,compensation_outcome:non_base_compensation_other,safety,3,3,compensation_outcome:non_base_compensation_other,EPSG:5070_50km_fixed
CONUS50-+00015-+00017,lower_48,timing_implementation:payroll_effective_date,safety,15,17,timing_implementation:payroll_effective_date,EPSG:5070_50km_fixed
CONUS50-+00015-+00017,lower_48,institutional_channel:budget_pay_plan_process,safety,7,7,institutional_channel:budget_pay_plan_process,EPSG:5070_50km_fixed
CONUS50-+00015-+00017,lower_48,pressure_channel:fiscal_constraint,safety,7,7,pressure_channel:fiscal_constraint,EPSG:5070_50km_fixed
CONUS50-+00015-+00017,lower_48,compensation_outcome:across_the_board_raise,safety,4,4,compensation_outcome:across_the_board_raise,EPSG:5070_50km_fixed
CONUS50-+00015-+00017,lower_48,compensation_outcome:step_progression,safety,1,1,compensation_outcome:step_progression,EPSG:5070_50km_fixed
CONUS50-+00014-+00014,lower_48,institutional_channel:none_identified,safety,8,11,institutional_channel:none_identified,EPSG:5070_50km_fixed
CONUS50-+00014-+00014,lower_48,compensation_outcome:non_base_compensation_other,safety,2,2,compensation_outcome:non_base_compensation_other,EPSG:5070_50km_fixed
CONUS50-+00014-+00014,lower_48,compensation_outcome:across_the_board_raise,safety,3,3,compensation_outcome:across_the_board_raise,EPSG:5070_50km_fixed
CONUS50-+00014-+00014,lower_48,institutional_channel:budget_pay_plan_process,safety,3,3,institutional_channel:budget_pay_plan_process,EPSG:5070_50km_fixed
CONUS50-+00014-+00014,lower_48,compensation_outcome:no_direct_compensation_outcome,safety,2,2,compensation_outcome:no_direct_compensation_outcome,EPSG:5070_50km_fixed
CONUS50-+00014-+00014,lower_48,pressure_channel:fiscal_constraint,safety,3,3,pressure_channel:fiscal_constraint,EPSG:5070_50km_fixed
CONUS50-+00014-+00014,lower_48,compensation_outcome:step_progression,safety,1,1,compensation_outcome:step_progression,EPSG:5070_50km_fixed
CONUS50-+00014-+00014,lower_48,institutional_channel:collective_bargaining,safety,1,1,institutional_channel:collective_bargaining,EPSG:5070_50km_fixed
CONUS50-+00014-+00014,lower_48,compensation_outcome:classification_band_change,safety,1,2,compensation_outcome:classification_band_change,EPSG:5070_50km_fixed
CONUS50-+00014-+00014,lower_48,pressure_channel:bargaining_leverage,safety,1,1,pressure_channel:bargaining_leverage,EPSG:5070_50km_fixed
CONUS50-+00014-+00014,lower_48,compensation_outcome:uniform_or_equipment_allowance,safety,3,3,compensation_outcome:uniform_or_equipment_allowance,EPSG:5070_50km_fixed
CONUS50-+00013-+00015,lower_48,compensation_outcome:base_wage_change,safety,4,4,compensation_outcome:base_wage_change,EPSG:5070_50km_fixed
CONUS50-+00013-+00015,lower_48,timing_implementation:recurring,safety,4,4,timing_implementation:recurring,EPSG:5070_50km_fixed
CONUS50-+00017-+00015,lower_48,institutional_channel:none_identified,safety,10,12,institutional_channel:none_identified,EPSG:5070_50km_fixed
CONUS50-+00017-+00015,lower_48,compensation_outcome:retroactive_pay,safety,7,7,compensation_outcome:retroactive_pay,EPSG:5070_50km_fixed
CONUS50-+00017-+00015,lower_48,timing_implementation:retroactive,safety,7,7,timing_implementation:retroactive,EPSG:5070_50km_fixed
CONUS50-+00017-+00015,lower_48,pressure_channel:none_identified,safety,10,12,pressure_channel:none_identified,EPSG:5070_50km_fixed
CONUS50-+00017-+00015,lower_48,compensation_outcome:across_the_board_raise,safety,2,2,compensation_outcome:across_the_board_raise,EPSG:5070_50km_fixed
CONUS50-+00017-+00015,lower_48,timing_implementation:recurring,safety,3,3,timing_implementation:recurring,EPSG:5070_50km_fixed
CONUS50-+00017-+00015,lower_48,timing_implementation:one_time,safety,3,3,timing_implementation:one_time,EPSG:5070_50km_fixed
CONUS50-+00017-+00015,lower_48,compensation_outcome:base_wage_change,safety,1,1,compensation_outcome:base_wage_change,EPSG:5070_50km_fixed
CONUS50-+00017-+00015,lower_48,compensation_outcome:non_base_compensation_other,safety,3,3,compensation_outcome:non_base_compensation_other,EPSG:5070_50km_fixed
CONUS50-+00013-+00015,lower_48,compensation_outcome:step_progression,safety,1,1,compensation_outcome:step_progression,EPSG:5070_50km_fixed
CONUS50-+00013-+00015,lower_48,compensation_outcome:uniform_or_equipment_allowance,safety,1,1,compensation_outcome:uniform_or_equipment_allowance,EPSG:5070_50km_fixed
CONUS50-+00015-+00015,lower_48,compensation_outcome:across_the_board_raise,safety,2,2,compensation_outcome:across_the_board_raise,EPSG:5070_50km_fixed
CONUS50-+00015-+00015,lower_48,compensation_outcome:classification_band_change,safety,1,1,compensation_outcome:classification_band_change,EPSG:5070_50km_fixed
CONUS50-+00015-+00015,lower_48,timing_implementation:unclear,safety,2,2,timing_implementation:unclear,EPSG:5070_50km_fixed
CONUS50-+00015-+00015,lower_48,institutional_channel:collective_bargaining,safety,1,1,institutional_channel:collective_bargaining,EPSG:5070_50km_fixed
CONUS50-+00015-+00015,lower_48,compensation_outcome:lump_sum,safety,1,2,compensation_outcome:lump_sum,EPSG:5070_50km_fixed
CONUS50-+00015-+00015,lower_48,pressure_channel:bargaining_leverage,safety,1,1,pressure_channel:bargaining_leverage,EPSG:5070_50km_fixed
CONUS50-+00016-+00016,lower_48,compensation_outcome:non_base_compensation_other,safety,6,6,compensation_outcome:non_base_compensation_other,EPSG:5070_50km_fixed
CONUS50-+00013-+00018,lower_48,institutional_channel:none_identified,safety,4,5,institutional_channel:none_identified,EPSG:5070_50km_fixed
CONUS50-+00013-+00018,lower_48,compensation_outcome:across_the_board_raise,safety,1,1,compensation_outcome:across_the_board_raise,EPSG:5070_50km_fixed
CONUS50-+00013-+00018,lower_48,timing_implementation:payroll_effective_date,safety,4,5,timing_implementation:payroll_effective_date,EPSG:5070_50km_fixed
CONUS50-+00013-+00018,lower_48,timing_implementation:recurring,safety,2,3,timing_implementation:recurring,EPSG:5070_50km_fixed
CONUS50-+00013-+00018,lower_48,pressure_channel:none_identified,safety,4,5,pressure_channel:none_identified,EPSG:5070_50km_fixed
CONUS50-+00013-+00018,lower_48,compensation_outcome:base_wage_change,safety,1,1,compensation_outcome:base_wage_change,EPSG:5070_50km_fixed
CONUS50-+00013-+00018,lower_48,compensation_outcome:retroactive_pay,safety,2,2,compensation_outcome:retroactive_pay,EPSG:5070_50km_fixed
CONUS50-+00013-+00018,lower_48,timing_implementation:retroactive,safety,2,2,timing_implementation:retroactive,EPSG:5070_50km_fixed
CONUS50-+00017-+00016,lower_48,compensation_outcome:benefit_cost_change,safety,3,3,compensation_outcome:benefit_cost_change,EPSG:5070_50km_fixed
CONUS50-+00017-+00016,lower_48,compensation_outcome:longevity,safety,1,1,compensation_outcome:longevity,EPSG:5070_50km_fixed
CONUS50-+00014-+00017,lower_48,institutional_channel:budget_pay_plan_process,safety,4,4,institutional_channel:budget_pay_plan_process,EPSG:5070_50km_fixed
CONUS50-+00014-+00017,lower_48,institutional_channel:ordinance_council_adoption,safety,1,1,institutional_channel:ordinance_council_adoption,EPSG:5070_50km_fixed
CONUS50-+00014-+00017,lower_48,compensation_outcome:no_direct_compensation_outcome,safety,3,3,compensation_outcome:no_direct_compensation_outcome,EPSG:5070_50km_fixed
CONUS50-+00014-+00017,lower_48,pressure_channel:fiscal_constraint,safety,4,4,pressure_channel:fiscal_constraint,EPSG:5070_50km_fixed
CONUS50-+00014-+00017,lower_48,timing_implementation:one_time,safety,3,3,timing_implementation:one_time,EPSG:5070_50km_fixed
CONUS50-+00014-+00017,lower_48,compensation_outcome:across_the_board_raise,safety,2,2,compensation_outcome:across_the_board_raise,EPSG:5070_50km_fixed
CONUS50-+00014-+00017,lower_48,timing_implementation:recurring,safety,10,13,timing_implementation:recurring,EPSG:5070_50km_fixed
CONUS50-+00014-+00017,lower_48,compensation_outcome:non_base_compensation_other,safety,7,7,compensation_outcome:non_base_compensation_other,EPSG:5070_50km_fixed
CONUS50-+00013-+00017,lower_48,institutional_channel:ordinance_council_adoption,safety,1,1,institutional_channel:ordinance_council_adoption,EPSG:5070_50km_fixed
CONUS50-+00014-+00018,lower_48,compensation_outcome:reimbursement,safety,2,2,compensation_outcome:reimbursement,EPSG:5070_50km_fixed
CONUS50-+00016-+00014,lower_48,institutional_channel:none_identified,safety,3,5,institutional_channel:none_identified,EPSG:5070_50km_fixed
CONUS50-+00016-+00014,lower_48,compensation_outcome:across_the_board_raise,safety,2,2,compensation_outcome:across_the_board_raise,EPSG:5070_50km_fixed
CONUS50-+00016-+00014,lower_48,timing_implementation:payroll_effective_date,safety,6,8,timing_implementation:payroll_effective_date,EPSG:5070_50km_fixed
CONUS50-+00016-+00014,lower_48,timing_implementation:recurring,safety,3,5,timing_implementation:recurring,EPSG:5070_50km_fixed
CONUS50-+00016-+00014,lower_48,pressure_channel:none_identified,safety,3,3,pressure_channel:none_identified,EPSG:5070_50km_fixed
CONUS50-+00016-+00014,lower_48,compensation_outcome:cola_cpi_adjustment,safety,2,2,compensation_outcome:cola_cpi_adjustment,EPSG:5070_50km_fixed
CONUS50-+00016-+00014,lower_48,pressure_channel:inflation_indexing,safety,2,2,pressure_channel:inflation_indexing,EPSG:5070_50km_fixed
CONUS50-+00013-+00017,lower_48,institutional_channel:collective_bargaining,safety,1,1,institutional_channel:collective_bargaining,EPSG:5070_50km_fixed
CONUS50-+00013-+00017,lower_48,pressure_channel:bargaining_leverage,safety,1,1,pressure_channel:bargaining_leverage,EPSG:5070_50km_fixed
CONUS50-+00013-+00017,lower_48,compensation_outcome:retroactive_pay,safety,9,9,compensation_outcome:retroactive_pay,EPSG:5070_50km_fixed
CONUS50-+00013-+00017,lower_48,timing_implementation:retroactive,safety,9,9,timing_implementation:retroactive,EPSG:5070_50km_fixed
CONUS50-+00013-+00017,lower_48,institutional_channel:settlement_or_mou,safety,1,1,institutional_channel:settlement_or_mou,EPSG:5070_50km_fixed
CONUS50-+00013-+00017,lower_48,compensation_outcome:longevity,safety,1,1,compensation_outcome:longevity,EPSG:5070_50km_fixed
CONUS50-+00013-+00015,lower_48,compensation_outcome:benefit_cost_change,safety,1,1,compensation_outcome:benefit_cost_change,EPSG:5070_50km_fixed
CONUS50-+00013-+00015,lower_48,timing_implementation:one_time,safety,4,4,timing_implementation:one_time,EPSG:5070_50km_fixed
CONUS50-+00014-+00017,lower_48,compensation_outcome:overtime,safety,2,2,compensation_outcome:overtime,EPSG:5070_50km_fixed
CONUS50-+00014-+00017,lower_48,compensation_outcome:stipend_or_premium,safety,3,3,compensation_outcome:stipend_or_premium,EPSG:5070_50km_fixed
CONUS50-+00014-+00017,lower_48,compensation_outcome:base_wage_change,safety,4,4,compensation_outcome:base_wage_change,EPSG:5070_50km_fixed
CONUS50-+00014-+00017,lower_48,institutional_channel:classification_civil_service,safety,1,1,institutional_channel:classification_civil_service,EPSG:5070_50km_fixed
CONUS50-+00014-+00017,lower_48,timing_implementation:ordinance_adoption,safety,1,1,timing_implementation:ordinance_adoption,EPSG:5070_50km_fixed
CONUS50-+00014-+00017,lower_48,compensation_outcome:longevity,safety,1,1,compensation_outcome:longevity,EPSG:5070_50km_fixed
CONUS50-+00014-+00017,lower_48,compensation_outcome:cola_cpi_adjustment,safety,1,1,compensation_outcome:cola_cpi_adjustment,EPSG:5070_50km_fixed
CONUS50-+00014-+00017,lower_48,pressure_channel:inflation_indexing,safety,1,1,pressure_channel:inflation_indexing,EPSG:5070_50km_fixed
CONUS50-+00016-+00016,lower_48,compensation_outcome:base_wage_change,safety,1,1,compensation_outcome:base_wage_change,EPSG:5070_50km_fixed
CONUS50-+00014-+00015,lower_48,institutional_channel:none_identified,safety,2,3,institutional_channel:none_identified,EPSG:5070_50km_fixed
CONUS50-+00014-+00015,lower_48,compensation_outcome:across_the_board_raise,safety,1,1,compensation_outcome:across_the_board_raise,EPSG:5070_50km_fixed
CONUS50-+00014-+00015,lower_48,timing_implementation:recurring,safety,1,1,timing_implementation:recurring,EPSG:5070_50km_fixed
CONUS50-+00014-+00015,lower_48,pressure_channel:none_identified,safety,2,3,pressure_channel:none_identified,EPSG:5070_50km_fixed
CONUS50-+00014-+00015,lower_48,compensation_outcome:retroactive_pay,safety,2,2,compensation_outcome:retroactive_pay,EPSG:5070_50km_fixed
CONUS50-+00014-+00015,lower_48,timing_implementation:one_time,safety,1,1,timing_implementation:one_time,EPSG:5070_50km_fixed
CONUS50-+00014-+00015,lower_48,timing_implementation:retroactive,safety,2,2,timing_implementation:retroactive,EPSG:5070_50km_fixed
CONUS50-+00014-+00015,lower_48,timing_implementation:payroll_effective_date,safety,1,1,timing_implementation:payroll_effective_date,EPSG:5070_50km_fixed
CONUS50-+00012-+00018,lower_48,compensation_outcome:non_base_compensation_other,safety,1,1,compensation_outcome:non_base_compensation_other,EPSG:5070_50km_fixed
CONUS50-+00012-+00018,lower_48,timing_implementation:one_time,safety,1,1,timing_implementation:one_time,EPSG:5070_50km_fixed
CONUS50-+00013-+00016,lower_48,compensation_outcome:non_base_compensation_other,safety,6,6,compensation_outcome:non_base_compensation_other,EPSG:5070_50km_fixed
CONUS50-+00013-+00016,lower_48,institutional_channel:budget_pay_plan_process,safety,3,3,institutional_channel:budget_pay_plan_process,EPSG:5070_50km_fixed
CONUS50-+00013-+00016,lower_48,compensation_outcome:no_direct_compensation_outcome,safety,4,4,compensation_outcome:no_direct_compensation_outcome,EPSG:5070_50km_fixed
CONUS50-+00013-+00016,lower_48,pressure_channel:fiscal_constraint,safety,3,3,pressure_channel:fiscal_constraint,EPSG:5070_50km_fixed
CONUS50-+00013-+00016,lower_48,compensation_outcome:benefit_cost_change,safety,1,1,compensation_outcome:benefit_cost_change,EPSG:5070_50km_fixed
CONUS50-+00013-+00016,lower_48,compensation_outcome:across_the_board_raise,safety,3,3,compensation_outcome:across_the_board_raise,EPSG:5070_50km_fixed
CONUS50-+00013-+00016,lower_48,compensation_outcome:stipend_or_premium,safety,1,1,compensation_outcome:stipend_or_premium,EPSG:5070_50km_fixed
CONUS50-+00013-+00016,lower_48,timing_implementation:one_time,safety,4,6,timing_implementation:one_time,EPSG:5070_50km_fixed
CONUS50-+00013-+00016,lower_48,timing_implementation:unclear,safety,1,1,timing_implementation:unclear,EPSG:5070_50km_fixed
CONUS50-+00013-+00016,lower_48,compensation_outcome:lump_sum,safety,1,3,compensation_outcome:lump_sum,EPSG:5070_50km_fixed
CONUS50-+00013-+00016,lower_48,compensation_outcome:step_progression,safety,1,2,compensation_outcome:step_progression,EPSG:5070_50km_fixed
CONUS50-+00013-+00015,lower_48,institutional_channel:budget_pay_plan_process,safety,5,5,institutional_channel:budget_pay_plan_process,EPSG:5070_50km_fixed
CONUS50-+00013-+00015,lower_48,compensation_outcome:no_direct_compensation_outcome,safety,3,3,compensation_outcome:no_direct_compensation_outcome,EPSG:5070_50km_fixed
CONUS50-+00013-+00015,lower_48,pressure_channel:fiscal_constraint,safety,5,5,pressure_channel:fiscal_constraint,EPSG:5070_50km_fixed
CONUS50-+00016-+00016,lower_48,timing_implementation:unclear,safety,3,4,timing_implementation:unclear,EPSG:5070_50km_fixed
CONUS50-+00016-+00016,lower_48,compensation_outcome:no_direct_compensation_outcome,safety,3,3,compensation_outcome:no_direct_compensation_outcome,EPSG:5070_50km_fixed
CONUS50-+00013-+00017,lower_48,institutional_channel:budget_pay_plan_process,safety,2,2,institutional_channel:budget_pay_plan_process,EPSG:5070_50km_fixed
CONUS50-+00013-+00017,lower_48,pressure_channel:fiscal_constraint,safety,2,2,pressure_channel:fiscal_constraint,EPSG:5070_50km_fixed
CONUS50-+00013-+00017,lower_48,institutional_channel:classification_civil_service,safety,1,1,institutional_channel:classification_civil_service,EPSG:5070_50km_fixed
CONUS50-+00014-+00017,lower_48,compensation_outcome:classification_band_change,safety,1,1,compensation_outcome:classification_band_change,EPSG:5070_50km_fixed
CONUS50-+00014-+00017,lower_48,timing_implementation:unclear,safety,1,1,timing_implementation:unclear,EPSG:5070_50km_fixed
CONUS50-+00016-+00016,lower_48,compensation_outcome:overtime,safety,1,1,compensation_outcome:overtime,EPSG:5070_50km_fixed
CONUS50-+00016-+00017,lower_48,compensation_outcome:lump_sum,safety,2,2,compensation_outcome:lump_sum,EPSG:5070_50km_fixed
CONUS50-+00016-+00017,lower_48,compensation_outcome:across_the_board_raise,safety,1,1,compensation_outcome:across_the_board_raise,EPSG:5070_50km_fixed
CONUS50-+00016-+00017,lower_48,compensation_outcome:base_wage_change,safety,2,2,compensation_outcome:base_wage_change,EPSG:5070_50km_fixed
CONUS50-+00017-+00016,lower_48,institutional_channel:budget_pay_plan_process,safety,2,2,institutional_channel:budget_pay_plan_process,EPSG:5070_50km_fixed
CONUS50-+00017-+00016,lower_48,compensation_outcome:no_direct_compensation_outcome,safety,3,3,compensation_outcome:no_direct_compensation_outcome,EPSG:5070_50km_fixed
CONUS50-+00017-+00016,lower_48,pressure_channel:fiscal_constraint,safety,2,2,pressure_channel:fiscal_constraint,EPSG:5070_50km_fixed
CONUS50-+00017-+00017,lower_48,compensation_outcome:across_the_board_raise,safety,1,1,compensation_outcome:across_the_board_raise,EPSG:5070_50km_fixed
CONUS50-+00013-+00017,lower_48,compensation_outcome:stipend_or_premium,safety,1,1,compensation_outcome:stipend_or_premium,EPSG:5070_50km_fixed
CONUS50-+00015-+00017,lower_48,institutional_channel:ordinance_council_adoption,safety,1,1,institutional_channel:ordinance_council_adoption,EPSG:5070_50km_fixed
CONUS50-+00015-+00016,lower_48,compensation_outcome:across_the_board_raise,safety,5,5,compensation_outcome:across_the_board_raise,EPSG:5070_50km_fixed
CONUS50-+00015-+00016,lower_48,compensation_outcome:classification_band_change,safety,2,2,compensation_outcome:classification_band_change,EPSG:5070_50km_fixed
CONUS50-+00015-+00016,lower_48,timing_implementation:unclear,safety,2,2,timing_implementation:unclear,EPSG:5070_50km_fixed
CONUS50-+00015-+00016,lower_48,institutional_channel:budget_pay_plan_process,safety,3,3,institutional_channel:budget_pay_plan_process,EPSG:5070_50km_fixed
CONUS50-+00015-+00016,lower_48,compensation_outcome:no_direct_compensation_outcome,safety,3,3,compensation_outcome:no_direct_compensation_outcome,EPSG:5070_50km_fixed
CONUS50-+00015-+00016,lower_48,pressure_channel:fiscal_constraint,safety,3,3,pressure_channel:fiscal_constraint,EPSG:5070_50km_fixed
CONUS50-+00015-+00016,lower_48,institutional_channel:settlement_or_mou,safety,1,1,institutional_channel:settlement_or_mou,EPSG:5070_50km_fixed
CONUS50-+00015-+00016,lower_48,compensation_outcome:uniform_or_equipment_allowance,safety,1,1,compensation_outcome:uniform_or_equipment_allowance,EPSG:5070_50km_fixed
CONUS50-+00016-+00016,lower_48,compensation_outcome:uniform_or_equipment_allowance,safety,2,2,compensation_outcome:uniform_or_equipment_allowance,EPSG:5070_50km_fixed
CONUS50-+00013-+00018,lower_48,compensation_outcome:non_base_compensation_other,safety,1,1,compensation_outcome:non_base_compensation_other,EPSG:5070_50km_fixed
CONUS50-+00013-+00018,lower_48,compensation_outcome:uniform_or_equipment_allowance,safety,1,1,compensation_outcome:uniform_or_equipment_allowance,EPSG:5070_50km_fixed
CONUS50-+00015-+00016,lower_48,timing_implementation:one_time,safety,1,1,timing_implementation:one_time,EPSG:5070_50km_fixed
CONUS50-+00015-+00016,lower_48,compensation_outcome:cola_cpi_adjustment,safety,1,1,compensation_outcome:cola_cpi_adjustment,EPSG:5070_50km_fixed
CONUS50-+00015-+00016,lower_48,pressure_channel:inflation_indexing,safety,1,1,pressure_channel:inflation_indexing,EPSG:5070_50km_fixed
CONUS50-+00015-+00016,lower_48,compensation_outcome:non_base_compensation_other,safety,1,1,compensation_outcome:non_base_compensation_other,EPSG:5070_50km_fixed
CONUS50-+00014-+00016,lower_48,compensation_outcome:classification_band_change,safety,1,1,compensation_outcome:classification_band_change,EPSG:5070_50km_fixed
CONUS50-+00014-+00016,lower_48,compensation_outcome:uniform_or_equipment_allowance,safety,1,1,compensation_outcome:uniform_or_equipment_allowance,EPSG:5070_50km_fixed
CONUS50-+00014-+00016,lower_48,timing_implementation:recurring,safety,1,1,timing_implementation:recurring,EPSG:5070_50km_fixed
CONUS50-+00016-+00016,lower_48,institutional_channel:budget_pay_plan_process,safety,2,2,institutional_channel:budget_pay_plan_process,EPSG:5070_50km_fixed
CONUS50-+00016-+00016,lower_48,pressure_channel:fiscal_constraint,safety,2,2,pressure_channel:fiscal_constraint,EPSG:5070_50km_fixed
CONUS50-+00016-+00014,lower_48,institutional_channel:budget_pay_plan_process,safety,3,3,institutional_channel:budget_pay_plan_process,EPSG:5070_50km_fixed
CONUS50-+00016-+00014,lower_48,compensation_outcome:no_direct_compensation_outcome,safety,3,3,compensation_outcome:no_direct_compensation_outcome,EPSG:5070_50km_fixed
CONUS50-+00016-+00014,lower_48,pressure_channel:fiscal_constraint,safety,3,3,pressure_channel:fiscal_constraint,EPSG:5070_50km_fixed
CONUS50-+00016-+00014,lower_48,compensation_outcome:holiday_pay,safety,1,1,compensation_outcome:holiday_pay,EPSG:5070_50km_fixed
CONUS50-+00014-+00018,lower_48,institutional_channel:budget_pay_plan_process,safety,4,4,institutional_channel:budget_pay_plan_process,EPSG:5070_50km_fixed
CONUS50-+00014-+00018,lower_48,pressure_channel:fiscal_constraint,safety,4,4,pressure_channel:fiscal_constraint,EPSG:5070_50km_fixed
CONUS50-+00014-+00018,lower_48,compensation_outcome:longevity,safety,1,1,compensation_outcome:longevity,EPSG:5070_50km_fixed
CONUS50-+00013-+00018,lower_48,institutional_channel:budget_pay_plan_process,safety,1,1,institutional_channel:budget_pay_plan_process,EPSG:5070_50km_fixed
CONUS50-+00013-+00018,lower_48,compensation_outcome:no_direct_compensation_outcome,safety,1,1,compensation_outcome:no_direct_compensation_outcome,EPSG:5070_50km_fixed
CONUS50-+00013-+00018,lower_48,pressure_channel:fiscal_constraint,safety,1,1,pressure_channel:fiscal_constraint,EPSG:5070_50km_fixed
CONUS50-+00017-+00016,lower_48,institutional_channel:settlement_or_mou,safety,1,1,institutional_channel:settlement_or_mou,EPSG:5070_50km_fixed
CONUS50-+00001-+00015,lower_48,institutional_channel:none_identified,safety,2,2,institutional_channel:none_identified,EPSG:5070_50km_fixed
CONUS50-+00001-+00015,lower_48,compensation_outcome:retroactive_pay,safety,2,2,compensation_outcome:retroactive_pay,EPSG:5070_50km_fixed
CONUS50-+00001-+00015,lower_48,timing_implementation:ordinance_adoption,safety,1,1,timing_implementation:ordinance_adoption,EPSG:5070_50km_fixed
CONUS50-+00001-+00015,lower_48,timing_implementation:payroll_effective_date,safety,2,2,timing_implementation:payroll_effective_date,EPSG:5070_50km_fixed
CONUS50-+00001-+00015,lower_48,timing_implementation:retroactive,safety,2,2,timing_implementation:retroactive,EPSG:5070_50km_fixed
CONUS50-+00001-+00015,lower_48,pressure_channel:none_identified,safety,2,2,pressure_channel:none_identified,EPSG:5070_50km_fixed
CONUS50-+00000-+00015,lower_48,institutional_channel:none_identified,safety,1,2,institutional_channel:none_identified,EPSG:5070_50km_fixed
CONUS50-+00000-+00015,lower_48,compensation_outcome:across_the_board_raise,safety,1,1,compensation_outcome:across_the_board_raise,EPSG:5070_50km_fixed
CONUS50-+00000-+00015,lower_48,timing_implementation:payroll_effective_date,safety,1,2,timing_implementation:payroll_effective_date,EPSG:5070_50km_fixed
CONUS50-+00000-+00015,lower_48,timing_implementation:recurring,safety,1,1,timing_implementation:recurring,EPSG:5070_50km_fixed
CONUS50-+00000-+00015,lower_48,pressure_channel:none_identified,safety,1,2,pressure_channel:none_identified,EPSG:5070_50km_fixed
CONUS50-+00000-+00015,lower_48,compensation_outcome:retroactive_pay,safety,1,1,compensation_outcome:retroactive_pay,EPSG:5070_50km_fixed
CONUS50-+00000-+00015,lower_48,timing_implementation:retroactive,safety,1,1,timing_implementation:retroactive,EPSG:5070_50km_fixed
CONUS50-+00018-+00015,lower_48,institutional_channel:none_identified,safety,10,15,institutional_channel:none_identified,EPSG:5070_50km_fixed
CONUS50-+00018-+00015,lower_48,compensation_outcome:no_direct_compensation_outcome,safety,7,7,compensation_outcome:no_direct_compensation_outcome,EPSG:5070_50km_fixed
CONUS50-+00018-+00015,lower_48,timing_implementation:payroll_effective_date,safety,15,19,timing_implementation:payroll_effective_date,EPSG:5070_50km_fixed
CONUS50-+00018-+00015,lower_48,pressure_channel:none_identified,safety,13,18,pressure_channel:none_identified,EPSG:5070_50km_fixed
CONUS50-+00023-+00013,lower_48,compensation_outcome:uniform_or_equipment_allowance,safety,1,1,compensation_outcome:uniform_or_equipment_allowance,EPSG:5070_50km_fixed
CONUS50-+00019-+00015,lower_48,institutional_channel:budget_pay_plan_process,safety,1,1,institutional_channel:budget_pay_plan_process,EPSG:5070_50km_fixed
CONUS50-+00019-+00015,lower_48,compensation_outcome:no_direct_compensation_outcome,safety,1,1,compensation_outcome:no_direct_compensation_outcome,EPSG:5070_50km_fixed
CONUS50-+00019-+00015,lower_48,timing_implementation:payroll_effective_date,safety,2,2,timing_implementation:payroll_effective_date,EPSG:5070_50km_fixed
CONUS50-+00019-+00015,lower_48,pressure_channel:fiscal_constraint,safety,1,1,pressure_channel:fiscal_constraint,EPSG:5070_50km_fixed
CONUS50-+00019-+00015,lower_48,institutional_channel:none_identified,safety,1,1,institutional_channel:none_identified,EPSG:5070_50km_fixed
CONUS50-+00019-+00015,lower_48,compensation_outcome:retroactive_pay,safety,1,1,compensation_outcome:retroactive_pay,EPSG:5070_50km_fixed
CONUS50-+00019-+00015,lower_48,timing_implementation:retroactive,safety,1,1,timing_implementation:retroactive,EPSG:5070_50km_fixed
CONUS50-+00019-+00015,lower_48,pressure_channel:none_identified,safety,1,1,pressure_channel:none_identified,EPSG:5070_50km_fixed
CONUS50-+00019-+00016,lower_48,institutional_channel:budget_pay_plan_process,safety,2,2,institutional_channel:budget_pay_plan_process,EPSG:5070_50km_fixed
CONUS50-+00019-+00016,lower_48,compensation_outcome:no_direct_compensation_outcome,safety,2,2,compensation_outcome:no_direct_compensation_outcome,EPSG:5070_50km_fixed
CONUS50-+00019-+00016,lower_48,timing_implementation:payroll_effective_date,safety,2,2,timing_implementation:payroll_effective_date,EPSG:5070_50km_fixed
CONUS50-+00019-+00016,lower_48,pressure_channel:fiscal_constraint,safety,2,2,pressure_channel:fiscal_constraint,EPSG:5070_50km_fixed
CONUS50-+00017-+00015,lower_48,timing_implementation:unclear,safety,1,1,timing_implementation:unclear,EPSG:5070_50km_fixed
CONUS50-+00022-+00013,lower_48,institutional_channel:none_identified,safety,2,3,institutional_channel:none_identified,EPSG:5070_50km_fixed
CONUS50-+00022-+00013,lower_48,compensation_outcome:non_base_compensation_other,safety,2,2,compensation_outcome:non_base_compensation_other,EPSG:5070_50km_fixed
CONUS50-+00022-+00013,lower_48,timing_implementation:payroll_effective_date,safety,6,7,timing_implementation:payroll_effective_date,EPSG:5070_50km_fixed
CONUS50-+00022-+00013,lower_48,pressure_channel:none_identified,safety,4,5,pressure_channel:none_identified,EPSG:5070_50km_fixed
CONUS50-+00022-+00014,lower_48,institutional_channel:budget_pay_plan_process,safety,1,1,institutional_channel:budget_pay_plan_process,EPSG:5070_50km_fixed
CONUS50-+00022-+00014,lower_48,compensation_outcome:no_direct_compensation_outcome,safety,1,1,compensation_outcome:no_direct_compensation_outcome,EPSG:5070_50km_fixed
CONUS50-+00022-+00014,lower_48,timing_implementation:unclear,safety,1,1,timing_implementation:unclear,EPSG:5070_50km_fixed
CONUS50-+00022-+00014,lower_48,pressure_channel:fiscal_constraint,safety,1,1,pressure_channel:fiscal_constraint,EPSG:5070_50km_fixed
CONUS50-+00021-+00014,lower_48,institutional_channel:none_identified,safety,2,2,institutional_channel:none_identified,EPSG:5070_50km_fixed
CONUS50-+00021-+00014,lower_48,compensation_outcome:non_base_compensation_other,safety,1,1,compensation_outcome:non_base_compensation_other,EPSG:5070_50km_fixed
CONUS50-+00021-+00014,lower_48,timing_implementation:unclear,safety,1,1,timing_implementation:unclear,EPSG:5070_50km_fixed
CONUS50-+00021-+00014,lower_48,pressure_channel:none_identified,safety,2,2,pressure_channel:none_identified,EPSG:5070_50km_fixed
CONUS50-+00019-+00014,lower_48,institutional_channel:none_identified,safety,3,4,institutional_channel:none_identified,EPSG:5070_50km_fixed
CONUS50-+00019-+00014,lower_48,compensation_outcome:non_base_compensation_other,safety,1,1,compensation_outcome:non_base_compensation_other,EPSG:5070_50km_fixed
CONUS50-+00019-+00014,lower_48,timing_implementation:payroll_effective_date,safety,3,4,timing_implementation:payroll_effective_date,EPSG:5070_50km_fixed
CONUS50-+00019-+00014,lower_48,pressure_channel:none_identified,safety,3,4,pressure_channel:none_identified,EPSG:5070_50km_fixed
CONUS50-+00022-+00013,lower_48,institutional_channel:collective_bargaining,safety,1,1,institutional_channel:collective_bargaining,EPSG:5070_50km_fixed
CONUS50-+00022-+00013,lower_48,compensation_outcome:base_wage_change,safety,1,1,compensation_outcome:base_wage_change,EPSG:5070_50km_fixed
CONUS50-+00022-+00013,lower_48,timing_implementation:recurring,safety,1,1,timing_implementation:recurring,EPSG:5070_50km_fixed
CONUS50-+00022-+00013,lower_48,pressure_channel:bargaining_leverage,safety,1,1,pressure_channel:bargaining_leverage,EPSG:5070_50km_fixed
CONUS50-+00022-+00013,lower_48,compensation_outcome:retroactive_pay,safety,3,3,compensation_outcome:retroactive_pay,EPSG:5070_50km_fixed
CONUS50-+00022-+00013,lower_48,timing_implementation:retroactive,safety,3,3,timing_implementation:retroactive,EPSG:5070_50km_fixed
CONUS50-+00023-+00013,lower_48,compensation_outcome:no_direct_compensation_outcome,safety,4,4,compensation_outcome:no_direct_compensation_outcome,EPSG:5070_50km_fixed
CONUS50-+00023-+00013,lower_48,timing_implementation:ordinance_adoption,safety,1,1,timing_implementation:ordinance_adoption,EPSG:5070_50km_fixed
CONUS50-+00019-+00014,lower_48,compensation_outcome:across_the_board_raise,safety,1,1,compensation_outcome:across_the_board_raise,EPSG:5070_50km_fixed
CONUS50-+00019-+00014,lower_48,timing_implementation:recurring,safety,1,1,timing_implementation:recurring,EPSG:5070_50km_fixed
CONUS50-+00019-+00014,lower_48,compensation_outcome:retroactive_pay,safety,2,2,compensation_outcome:retroactive_pay,EPSG:5070_50km_fixed
CONUS50-+00019-+00014,lower_48,timing_implementation:retroactive,safety,2,2,timing_implementation:retroactive,EPSG:5070_50km_fixed
CONUS50-+00021-+00015,lower_48,institutional_channel:none_identified,safety,1,1,institutional_channel:none_identified,EPSG:5070_50km_fixed
CONUS50-+00021-+00015,lower_48,compensation_outcome:non_base_compensation_other,safety,1,1,compensation_outcome:non_base_compensation_other,EPSG:5070_50km_fixed
CONUS50-+00021-+00015,lower_48,timing_implementation:payroll_effective_date,safety,2,2,timing_implementation:payroll_effective_date,EPSG:5070_50km_fixed
CONUS50-+00021-+00015,lower_48,pressure_channel:none_identified,safety,2,2,pressure_channel:none_identified,EPSG:5070_50km_fixed
CONUS50-+00022-+00014,lower_48,institutional_channel:none_identified,safety,5,6,institutional_channel:none_identified,EPSG:5070_50km_fixed
CONUS50-+00022-+00014,lower_48,compensation_outcome:non_base_compensation_other,safety,3,3,compensation_outcome:non_base_compensation_other,EPSG:5070_50km_fixed
CONUS50-+00022-+00014,lower_48,timing_implementation:payroll_effective_date,safety,5,6,timing_implementation:payroll_effective_date,EPSG:5070_50km_fixed
CONUS50-+00022-+00014,lower_48,pressure_channel:none_identified,safety,5,6,pressure_channel:none_identified,EPSG:5070_50km_fixed
CONUS50-+00022-+00014,lower_48,compensation_outcome:retroactive_pay,safety,2,2,compensation_outcome:retroactive_pay,EPSG:5070_50km_fixed
CONUS50-+00022-+00014,lower_48,timing_implementation:retroactive,safety,2,2,timing_implementation:retroactive,EPSG:5070_50km_fixed
CONUS50-+00018-+00015,lower_48,compensation_outcome:retroactive_pay,safety,3,4,compensation_outcome:retroactive_pay,EPSG:5070_50km_fixed
CONUS50-+00018-+00015,lower_48,timing_implementation:retroactive,safety,3,4,timing_implementation:retroactive,EPSG:5070_50km_fixed
CONUS50-+00017-+00017,lower_48,compensation_outcome:non_base_compensation_other,safety,1,1,compensation_outcome:non_base_compensation_other,EPSG:5070_50km_fixed
CONUS50-+00017-+00017,lower_48,institutional_channel:budget_pay_plan_process,safety,1,1,institutional_channel:budget_pay_plan_process,EPSG:5070_50km_fixed
CONUS50-+00017-+00017,lower_48,compensation_outcome:no_direct_compensation_outcome,safety,1,1,compensation_outcome:no_direct_compensation_outcome,EPSG:5070_50km_fixed
CONUS50-+00017-+00017,lower_48,timing_implementation:unclear,safety,1,1,timing_implementation:unclear,EPSG:5070_50km_fixed
CONUS50-+00017-+00017,lower_48,pressure_channel:fiscal_constraint,safety,1,1,pressure_channel:fiscal_constraint,EPSG:5070_50km_fixed
CONUS50-+00023-+00013,lower_48,compensation_outcome:non_base_compensation_other,safety,4,4,compensation_outcome:non_base_compensation_other,EPSG:5070_50km_fixed
CONUS50-+00022-+00013,lower_48,institutional_channel:settlement_or_mou,safety,2,2,institutional_channel:settlement_or_mou,EPSG:5070_50km_fixed
CONUS50-+00021-+00014,lower_48,compensation_outcome:retroactive_pay,safety,1,1,compensation_outcome:retroactive_pay,EPSG:5070_50km_fixed
CONUS50-+00021-+00014,lower_48,timing_implementation:payroll_effective_date,safety,1,1,timing_implementation:payroll_effective_date,EPSG:5070_50km_fixed
CONUS50-+00021-+00014,lower_48,timing_implementation:retroactive,safety,1,1,timing_implementation:retroactive,EPSG:5070_50km_fixed
CONUS50-+00018-+00015,lower_48,institutional_channel:budget_pay_plan_process,safety,4,4,institutional_channel:budget_pay_plan_process,EPSG:5070_50km_fixed
CONUS50-+00018-+00015,lower_48,pressure_channel:fiscal_constraint,safety,4,4,pressure_channel:fiscal_constraint,EPSG:5070_50km_fixed
CONUS50-+00018-+00015,lower_48,compensation_outcome:non_base_compensation_other,safety,9,9,compensation_outcome:non_base_compensation_other,EPSG:5070_50km_fixed
CONUS50-+00018-+00014,lower_48,institutional_channel:none_identified,safety,4,4,institutional_channel:none_identified,EPSG:5070_50km_fixed
CONUS50-+00018-+00014,lower_48,compensation_outcome:across_the_board_raise,safety,2,2,compensation_outcome:across_the_board_raise,EPSG:5070_50km_fixed
CONUS50-+00018-+00014,lower_48,compensation_outcome:longevity,safety,2,2,compensation_outcome:longevity,EPSG:5070_50km_fixed
CONUS50-+00018-+00014,lower_48,timing_implementation:recurring,safety,2,2,timing_implementation:recurring,EPSG:5070_50km_fixed
CONUS50-+00018-+00014,lower_48,pressure_channel:none_identified,safety,3,3,pressure_channel:none_identified,EPSG:5070_50km_fixed
CONUS50-+00021-+00015,lower_48,institutional_channel:ordinance_council_adoption,safety,1,1,institutional_channel:ordinance_council_adoption,EPSG:5070_50km_fixed
CONUS50-+00021-+00015,lower_48,compensation_outcome:retroactive_pay,safety,1,1,compensation_outcome:retroactive_pay,EPSG:5070_50km_fixed
CONUS50-+00021-+00015,lower_48,timing_implementation:retroactive,safety,1,1,timing_implementation:retroactive,EPSG:5070_50km_fixed
CONUS50-+00018-+00015,lower_48,compensation_outcome:step_progression,safety,1,1,compensation_outcome:step_progression,EPSG:5070_50km_fixed
CONUS50-+00018-+00015,lower_48,timing_implementation:recurring,safety,3,4,timing_implementation:recurring,EPSG:5070_50km_fixed
CONUS50-+00018-+00016,lower_48,institutional_channel:none_identified,safety,2,2,institutional_channel:none_identified,EPSG:5070_50km_fixed
CONUS50-+00018-+00016,lower_48,compensation_outcome:non_base_compensation_other,safety,1,1,compensation_outcome:non_base_compensation_other,EPSG:5070_50km_fixed
CONUS50-+00018-+00016,lower_48,timing_implementation:payroll_effective_date,safety,2,2,timing_implementation:payroll_effective_date,EPSG:5070_50km_fixed
CONUS50-+00018-+00016,lower_48,pressure_channel:none_identified,safety,2,2,pressure_channel:none_identified,EPSG:5070_50km_fixed
CONUS50-+00023-+00014,lower_48,institutional_channel:none_identified,safety,1,1,institutional_channel:none_identified,EPSG:5070_50km_fixed
CONUS50-+00023-+00014,lower_48,compensation_outcome:non_base_compensation_other,safety,1,1,compensation_outcome:non_base_compensation_other,EPSG:5070_50km_fixed
CONUS50-+00023-+00014,lower_48,timing_implementation:payroll_effective_date,safety,2,2,timing_implementation:payroll_effective_date,EPSG:5070_50km_fixed
CONUS50-+00023-+00014,lower_48,pressure_channel:none_identified,safety,1,1,pressure_channel:none_identified,EPSG:5070_50km_fixed
CONUS50-+00017-+00016,lower_48,institutional_channel:collective_bargaining,safety,1,1,institutional_channel:collective_bargaining,EPSG:5070_50km_fixed
CONUS50-+00017-+00016,lower_48,pressure_channel:bargaining_leverage,safety,1,1,pressure_channel:bargaining_leverage,EPSG:5070_50km_fixed
CONUS50-+00022-+00014,lower_48,compensation_outcome:across_the_board_raise,safety,1,1,compensation_outcome:across_the_board_raise,EPSG:5070_50km_fixed
CONUS50-+00022-+00014,lower_48,timing_implementation:recurring,safety,1,1,timing_implementation:recurring,EPSG:5070_50km_fixed
CONUS50-+00018-+00014,lower_48,compensation_outcome:no_direct_compensation_outcome,safety,1,1,compensation_outcome:no_direct_compensation_outcome,EPSG:5070_50km_fixed
CONUS50-+00018-+00014,lower_48,timing_implementation:payroll_effective_date,safety,2,2,timing_implementation:payroll_effective_date,EPSG:5070_50km_fixed
CONUS50-+00018-+00014,lower_48,pressure_channel:market_recruitment_retention,safety,1,1,pressure_channel:market_recruitment_retention,EPSG:5070_50km_fixed
CONUS50-+00023-+00013,lower_48,institutional_channel:budget_pay_plan_process,safety,3,3,institutional_channel:budget_pay_plan_process,EPSG:5070_50km_fixed
CONUS50-+00023-+00013,lower_48,pressure_channel:fiscal_constraint,safety,3,3,pressure_channel:fiscal_constraint,EPSG:5070_50km_fixed
CONUS50-+00018-+00015,lower_48,compensation_outcome:cola_cpi_adjustment,safety,1,1,compensation_outcome:cola_cpi_adjustment,EPSG:5070_50km_fixed
CONUS50-+00018-+00015,lower_48,pressure_channel:inflation_indexing,safety,1,1,pressure_channel:inflation_indexing,EPSG:5070_50km_fixed
CONUS50-+00018-+00016,lower_48,compensation_outcome:base_wage_change,safety,1,1,compensation_outcome:base_wage_change,EPSG:5070_50km_fixed
CONUS50-+00018-+00016,lower_48,compensation_outcome:retroactive_pay,safety,1,1,compensation_outcome:retroactive_pay,EPSG:5070_50km_fixed
CONUS50-+00018-+00016,lower_48,timing_implementation:recurring,safety,1,1,timing_implementation:recurring,EPSG:5070_50km_fixed
CONUS50-+00018-+00016,lower_48,timing_implementation:retroactive,safety,1,1,timing_implementation:retroactive,EPSG:5070_50km_fixed
CONUS50-+00018-+00015,lower_48,compensation_outcome:longevity,safety,1,1,compensation_outcome:longevity,EPSG:5070_50km_fixed
CONUS50-+00018-+00015,lower_48,compensation_outcome:base_wage_change,safety,1,1,compensation_outcome:base_wage_change,EPSG:5070_50km_fixed
CONUS50-+00023-+00014,lower_48,institutional_channel:collective_bargaining,safety,1,1,institutional_channel:collective_bargaining,EPSG:5070_50km_fixed
CONUS50-+00023-+00014,lower_48,compensation_outcome:no_direct_compensation_outcome,safety,2,2,compensation_outcome:no_direct_compensation_outcome,EPSG:5070_50km_fixed
CONUS50-+00023-+00014,lower_48,timing_implementation:ordinance_adoption,safety,1,1,timing_implementation:ordinance_adoption,EPSG:5070_50km_fixed
CONUS50-+00023-+00014,lower_48,pressure_channel:bargaining_leverage,safety,1,1,pressure_channel:bargaining_leverage,EPSG:5070_50km_fixed
CONUS50-+00023-+00014,lower_48,institutional_channel:budget_pay_plan_process,safety,1,1,institutional_channel:budget_pay_plan_process,EPSG:5070_50km_fixed
CONUS50-+00023-+00014,lower_48,pressure_channel:fiscal_constraint,safety,1,1,pressure_channel:fiscal_constraint,EPSG:5070_50km_fixed
CONUS50-+00022-+00013,lower_48,institutional_channel:budget_pay_plan_process,safety,2,2,institutional_channel:budget_pay_plan_process,EPSG:5070_50km_fixed
CONUS50-+00022-+00013,lower_48,compensation_outcome:benefit_cost_change,safety,2,2,compensation_outcome:benefit_cost_change,EPSG:5070_50km_fixed
CONUS50-+00022-+00013,lower_48,pressure_channel:fiscal_constraint,safety,2,2,pressure_channel:fiscal_constraint,EPSG:5070_50km_fixed
CONUS50-+00018-+00015,lower_48,timing_implementation:ordinance_adoption,safety,4,5,timing_implementation:ordinance_adoption,EPSG:5070_50km_fixed
CONUS50-+00018-+00015,lower_48,institutional_channel:ordinance_council_adoption,safety,6,7,institutional_channel:ordinance_council_adoption,EPSG:5070_50km_fixed
CONUS50-+00018-+00015,lower_48,institutional_channel:settlement_or_mou,safety,5,6,institutional_channel:settlement_or_mou,EPSG:5070_50km_fixed
CONUS50-+00018-+00015,lower_48,timing_implementation:one_time,safety,1,1,timing_implementation:one_time,EPSG:5070_50km_fixed
CONUS50-+00018-+00015,lower_48,institutional_channel:collective_bargaining,safety,1,1,institutional_channel:collective_bargaining,EPSG:5070_50km_fixed
CONUS50-+00018-+00015,lower_48,timing_implementation:unclear,safety,2,2,timing_implementation:unclear,EPSG:5070_50km_fixed
CONUS50-+00018-+00015,lower_48,pressure_channel:bargaining_leverage,safety,1,1,pressure_channel:bargaining_leverage,EPSG:5070_50km_fixed
CONUS50-+00018-+00015,lower_48,compensation_outcome:benefit_cost_change,safety,1,1,compensation_outcome:benefit_cost_change,EPSG:5070_50km_fixed
CONUS50-+00023-+00013,lower_48,institutional_channel:settlement_or_mou,safety,1,1,institutional_channel:settlement_or_mou,EPSG:5070_50km_fixed
CONUS50-+00018-+00014,lower_48,compensation_outcome:retroactive_pay,safety,1,1,compensation_outcome:retroactive_pay,EPSG:5070_50km_fixed
CONUS50-+00018-+00014,lower_48,timing_implementation:retroactive,safety,1,1,timing_implementation:retroactive,EPSG:5070_50km_fixed
CONUS50-+00022-+00015,lower_48,timing_implementation:payroll_effective_date,safety,1,1,timing_implementation:payroll_effective_date,EPSG:5070_50km_fixed
CONUS50-+00020-+00006,lower_48,institutional_channel:none_identified,safety,1,1,institutional_channel:none_identified,EPSG:5070_50km_fixed
CONUS50-+00020-+00006,lower_48,compensation_outcome:across_the_board_raise,safety,1,1,compensation_outcome:across_the_board_raise,EPSG:5070_50km_fixed
CONUS50-+00020-+00006,lower_48,timing_implementation:payroll_effective_date,safety,1,1,timing_implementation:payroll_effective_date,EPSG:5070_50km_fixed
CONUS50-+00020-+00006,lower_48,timing_implementation:recurring,safety,1,1,timing_implementation:recurring,EPSG:5070_50km_fixed
CONUS50-+00020-+00006,lower_48,pressure_channel:none_identified,safety,1,1,pressure_channel:none_identified,EPSG:5070_50km_fixed
CONUS50-+00018-+00007,lower_48,institutional_channel:none_identified,safety,1,1,institutional_channel:none_identified,EPSG:5070_50km_fixed
CONUS50-+00018-+00007,lower_48,compensation_outcome:retroactive_pay,safety,1,1,compensation_outcome:retroactive_pay,EPSG:5070_50km_fixed
CONUS50-+00018-+00007,lower_48,timing_implementation:payroll_effective_date,safety,1,1,timing_implementation:payroll_effective_date,EPSG:5070_50km_fixed
CONUS50-+00018-+00007,lower_48,timing_implementation:retroactive,safety,1,1,timing_implementation:retroactive,EPSG:5070_50km_fixed
CONUS50-+00018-+00007,lower_48,pressure_channel:none_identified,safety,1,1,pressure_channel:none_identified,EPSG:5070_50km_fixed
CONUS50--00003-+00030,lower_48,institutional_channel:none_identified,safety,1,1,institutional_channel:none_identified,EPSG:5070_50km_fixed
CONUS50--00003-+00030,lower_48,compensation_outcome:non_base_compensation_other,safety,1,1,compensation_outcome:non_base_compensation_other,EPSG:5070_50km_fixed
CONUS50--00003-+00030,lower_48,timing_implementation:payroll_effective_date,safety,1,1,timing_implementation:payroll_effective_date,EPSG:5070_50km_fixed
CONUS50--00003-+00030,lower_48,pressure_channel:none_identified,safety,1,1,pressure_channel:none_identified,EPSG:5070_50km_fixed
CONUS50--00001-+00026,lower_48,institutional_channel:none_identified,safety,2,2,institutional_channel:none_identified,EPSG:5070_50km_fixed
CONUS50--00001-+00026,lower_48,compensation_outcome:no_direct_compensation_outcome,safety,2,2,compensation_outcome:no_direct_compensation_outcome,EPSG:5070_50km_fixed
CONUS50--00001-+00026,lower_48,timing_implementation:payroll_effective_date,safety,2,2,timing_implementation:payroll_effective_date,EPSG:5070_50km_fixed
CONUS50--00001-+00026,lower_48,pressure_channel:market_recruitment_retention,safety,2,2,pressure_channel:market_recruitment_retention,EPSG:5070_50km_fixed
CONUS50--00002-+00030,lower_48,institutional_channel:none_identified,safety,1,1,institutional_channel:none_identified,EPSG:5070_50km_fixed
CONUS50--00002-+00030,lower_48,compensation_outcome:retroactive_pay,safety,1,1,compensation_outcome:retroactive_pay,EPSG:5070_50km_fixed
CONUS50--00002-+00030,lower_48,timing_implementation:payroll_effective_date,safety,1,1,timing_implementation:payroll_effective_date,EPSG:5070_50km_fixed
CONUS50--00002-+00030,lower_48,timing_implementation:retroactive,safety,1,1,timing_implementation:retroactive,EPSG:5070_50km_fixed
CONUS50--00002-+00030,lower_48,pressure_channel:none_identified,safety,1,1,pressure_channel:none_identified,EPSG:5070_50km_fixed
CONUS50-+00010-+00012,lower_48,institutional_channel:none_identified,safety,1,1,institutional_channel:none_identified,EPSG:5070_50km_fixed
CONUS50-+00010-+00012,lower_48,compensation_outcome:retroactive_pay,safety,1,1,compensation_outcome:retroactive_pay,EPSG:5070_50km_fixed
CONUS50-+00010-+00012,lower_48,timing_implementation:one_time,safety,1,1,timing_implementation:one_time,EPSG:5070_50km_fixed
CONUS50-+00010-+00012,lower_48,timing_implementation:retroactive,safety,1,1,timing_implementation:retroactive,EPSG:5070_50km_fixed
CONUS50-+00010-+00012,lower_48,pressure_channel:none_identified,safety,1,1,pressure_channel:none_identified,EPSG:5070_50km_fixed
CONUS50-+00015-+00011,lower_48,institutional_channel:none_identified,safety,1,1,institutional_channel:none_identified,EPSG:5070_50km_fixed
CONUS50-+00015-+00011,lower_48,compensation_outcome:retroactive_pay,safety,1,1,compensation_outcome:retroactive_pay,EPSG:5070_50km_fixed
CONUS50-+00015-+00011,lower_48,timing_implementation:one_time,safety,1,1,timing_implementation:one_time,EPSG:5070_50km_fixed
CONUS50-+00015-+00011,lower_48,timing_implementation:retroactive,safety,1,1,timing_implementation:retroactive,EPSG:5070_50km_fixed
CONUS50-+00015-+00011,lower_48,pressure_channel:none_identified,safety,1,1,pressure_channel:none_identified,EPSG:5070_50km_fixed
CONUS50-+00008-+00013,lower_48,institutional_channel:none_identified,safety,1,1,institutional_channel:none_identified,EPSG:5070_50km_fixed
CONUS50-+00008-+00013,lower_48,compensation_outcome:retroactive_pay,safety,1,1,compensation_outcome:retroactive_pay,EPSG:5070_50km_fixed
CONUS50-+00008-+00013,lower_48,timing_implementation:payroll_effective_date,safety,1,1,timing_implementation:payroll_effective_date,EPSG:5070_50km_fixed
CONUS50-+00008-+00013,lower_48,timing_implementation:retroactive,safety,1,1,timing_implementation:retroactive,EPSG:5070_50km_fixed
CONUS50-+00008-+00013,lower_48,pressure_channel:none_identified,safety,1,1,pressure_channel:none_identified,EPSG:5070_50km_fixed
CONUS50-+00012-+00012,lower_48,institutional_channel:none_identified,safety,2,2,institutional_channel:none_identified,EPSG:5070_50km_fixed
CONUS50-+00012-+00012,lower_48,compensation_outcome:retroactive_pay,safety,2,2,compensation_outcome:retroactive_pay,EPSG:5070_50km_fixed
CONUS50-+00012-+00012,lower_48,timing_implementation:payroll_effective_date,safety,2,2,timing_implementation:payroll_effective_date,EPSG:5070_50km_fixed
CONUS50-+00012-+00012,lower_48,timing_implementation:retroactive,safety,2,2,timing_implementation:retroactive,EPSG:5070_50km_fixed
CONUS50-+00012-+00012,lower_48,pressure_channel:none_identified,safety,2,2,pressure_channel:none_identified,EPSG:5070_50km_fixed
CONUS50--00003-+00010,lower_48,institutional_channel:none_identified,safety,1,1,institutional_channel:none_identified,EPSG:5070_50km_fixed
CONUS50--00003-+00010,lower_48,compensation_outcome:cola_cpi_adjustment,safety,1,1,compensation_outcome:cola_cpi_adjustment,EPSG:5070_50km_fixed
CONUS50--00003-+00010,lower_48,compensation_outcome:retroactive_pay,safety,1,1,compensation_outcome:retroactive_pay,EPSG:5070_50km_fixed
CONUS50--00003-+00010,lower_48,timing_implementation:payroll_effective_date,safety,1,1,timing_implementation:payroll_effective_date,EPSG:5070_50km_fixed
CONUS50--00003-+00010,lower_48,timing_implementation:recurring,safety,1,1,timing_implementation:recurring,EPSG:5070_50km_fixed
CONUS50--00003-+00010,lower_48,timing_implementation:retroactive,safety,1,1,timing_implementation:retroactive,EPSG:5070_50km_fixed
CONUS50--00003-+00010,lower_48,pressure_channel:none_identified,safety,1,1,pressure_channel:none_identified,EPSG:5070_50km_fixed
CONUS50--00007-+00020,lower_48,institutional_channel:none_identified,safety,1,1,institutional_channel:none_identified,EPSG:5070_50km_fixed
CONUS50--00007-+00020,lower_48,compensation_outcome:across_the_board_raise,safety,1,1,compensation_outcome:across_the_board_raise,EPSG:5070_50km_fixed
CONUS50--00007-+00020,lower_48,compensation_outcome:cola_cpi_adjustment,safety,1,1,compensation_outcome:cola_cpi_adjustment,EPSG:5070_50km_fixed
CONUS50--00007-+00020,lower_48,compensation_outcome:step_progression,safety,1,1,compensation_outcome:step_progression,EPSG:5070_50km_fixed
CONUS50--00007-+00020,lower_48,timing_implementation:recurring,safety,1,1,timing_implementation:recurring,EPSG:5070_50km_fixed
CONUS50--00007-+00020,lower_48,pressure_channel:none_identified,safety,1,1,pressure_channel:none_identified,EPSG:5070_50km_fixed
CONUS50--00007-+00020,lower_48,institutional_channel:budget_pay_plan_process,safety,1,1,institutional_channel:budget_pay_plan_process,EPSG:5070_50km_fixed
CONUS50--00007-+00020,lower_48,institutional_channel:ordinance_council_adoption,safety,1,1,institutional_channel:ordinance_council_adoption,EPSG:5070_50km_fixed
CONUS50--00007-+00020,lower_48,compensation_outcome:no_direct_compensation_outcome,safety,1,1,compensation_outcome:no_direct_compensation_outcome,EPSG:5070_50km_fixed
CONUS50--00007-+00020,lower_48,timing_implementation:budget_appropriation,safety,1,1,timing_implementation:budget_appropriation,EPSG:5070_50km_fixed
CONUS50--00007-+00020,lower_48,timing_implementation:ordinance_adoption,safety,1,1,timing_implementation:ordinance_adoption,EPSG:5070_50km_fixed
CONUS50--00007-+00020,lower_48,pressure_channel:fiscal_constraint,safety,1,1,pressure_channel:fiscal_constraint,EPSG:5070_50km_fixed
CONUS50-+00001-+00010,lower_48,institutional_channel:none_identified,safety,1,1,institutional_channel:none_identified,EPSG:5070_50km_fixed
CONUS50-+00001-+00010,lower_48,compensation_outcome:retroactive_pay,safety,1,1,compensation_outcome:retroactive_pay,EPSG:5070_50km_fixed
CONUS50-+00001-+00010,lower_48,timing_implementation:payroll_effective_date,safety,1,1,timing_implementation:payroll_effective_date,EPSG:5070_50km_fixed
CONUS50-+00001-+00010,lower_48,timing_implementation:retroactive,safety,1,1,timing_implementation:retroactive,EPSG:5070_50km_fixed
CONUS50-+00001-+00010,lower_48,pressure_channel:none_identified,safety,1,1,pressure_channel:none_identified,EPSG:5070_50km_fixed
CONUS50-+00001-+00007,lower_48,institutional_channel:budget_pay_plan_process,safety,1,1,institutional_channel:budget_pay_plan_process,EPSG:5070_50km_fixed
CONUS50-+00001-+00007,lower_48,compensation_outcome:across_the_board_raise,safety,1,1,compensation_outcome:across_the_board_raise,EPSG:5070_50km_fixed
CONUS50-+00001-+00007,lower_48,timing_implementation:budget_appropriation,safety,1,1,timing_implementation:budget_appropriation,EPSG:5070_50km_fixed
CONUS50-+00001-+00007,lower_48,timing_implementation:ordinance_adoption,safety,2,2,timing_implementation:ordinance_adoption,EPSG:5070_50km_fixed
CONUS50-+00001-+00007,lower_48,timing_implementation:recurring,safety,1,1,timing_implementation:recurring,EPSG:5070_50km_fixed
CONUS50-+00001-+00007,lower_48,pressure_channel:fiscal_constraint,safety,1,1,pressure_channel:fiscal_constraint,EPSG:5070_50km_fixed
CONUS50-+00001-+00007,lower_48,institutional_channel:ordinance_council_adoption,safety,1,1,institutional_channel:ordinance_council_adoption,EPSG:5070_50km_fixed
CONUS50-+00001-+00007,lower_48,compensation_outcome:no_direct_compensation_outcome,safety,1,1,compensation_outcome:no_direct_compensation_outcome,EPSG:5070_50km_fixed
CONUS50-+00001-+00007,lower_48,pressure_channel:none_identified,safety,1,1,pressure_channel:none_identified,EPSG:5070_50km_fixed
CONUS50--00002-+00007,lower_48,institutional_channel:none_identified,safety,1,2,institutional_channel:none_identified,EPSG:5070_50km_fixed
CONUS50--00002-+00007,lower_48,compensation_outcome:across_the_board_raise,safety,1,1,compensation_outcome:across_the_board_raise,EPSG:5070_50km_fixed
CONUS50--00002-+00007,lower_48,compensation_outcome:cola_cpi_adjustment,safety,1,1,compensation_outcome:cola_cpi_adjustment,EPSG:5070_50km_fixed
CONUS50--00002-+00007,lower_48,timing_implementation:recurring,safety,1,1,timing_implementation:recurring,EPSG:5070_50km_fixed
CONUS50--00002-+00007,lower_48,pressure_channel:none_identified,safety,1,1,pressure_channel:none_identified,EPSG:5070_50km_fixed
CONUS50--00002-+00007,lower_48,compensation_outcome:retroactive_pay,safety,1,1,compensation_outcome:retroactive_pay,EPSG:5070_50km_fixed
CONUS50--00002-+00007,lower_48,timing_implementation:payroll_effective_date,safety,1,1,timing_implementation:payroll_effective_date,EPSG:5070_50km_fixed
CONUS50--00002-+00007,lower_48,timing_implementation:retroactive,safety,1,1,timing_implementation:retroactive,EPSG:5070_50km_fixed
CONUS50--00002-+00007,lower_48,pressure_channel:fiscal_constraint,safety,1,1,pressure_channel:fiscal_constraint,EPSG:5070_50km_fixed
CONUS50--00002-+00014,lower_48,institutional_channel:none_identified,safety,2,2,institutional_channel:none_identified,EPSG:5070_50km_fixed
CONUS50--00002-+00014,lower_48,compensation_outcome:retroactive_pay,safety,2,2,compensation_outcome:retroactive_pay,EPSG:5070_50km_fixed
CONUS50--00002-+00014,lower_48,timing_implementation:payroll_effective_date,safety,2,2,timing_implementation:payroll_effective_date,EPSG:5070_50km_fixed
CONUS50--00002-+00014,lower_48,timing_implementation:retroactive,safety,2,2,timing_implementation:retroactive,EPSG:5070_50km_fixed
CONUS50--00002-+00014,lower_48,pressure_channel:none_identified,safety,2,2,pressure_channel:none_identified,EPSG:5070_50km_fixed
CONUS50-+00000-+00009,lower_48,institutional_channel:none_identified,safety,2,3,institutional_channel:none_identified,EPSG:5070_50km_fixed
CONUS50-+00000-+00009,lower_48,compensation_outcome:retroactive_pay,safety,2,2,compensation_outcome:retroactive_pay,EPSG:5070_50km_fixed
CONUS50-+00000-+00009,lower_48,timing_implementation:one_time,safety,1,1,timing_implementation:one_time,EPSG:5070_50km_fixed
CONUS50-+00000-+00009,lower_48,timing_implementation:retroactive,safety,2,2,timing_implementation:retroactive,EPSG:5070_50km_fixed
CONUS50-+00000-+00009,lower_48,pressure_channel:none_identified,safety,2,3,pressure_channel:none_identified,EPSG:5070_50km_fixed
CONUS50-+00000-+00009,lower_48,timing_implementation:payroll_effective_date,safety,1,1,timing_implementation:payroll_effective_date,EPSG:5070_50km_fixed
CONUS50-+00000-+00009,lower_48,compensation_outcome:step_progression,safety,1,1,compensation_outcome:step_progression,EPSG:5070_50km_fixed
CONUS50-+00000-+00009,lower_48,timing_implementation:recurring,safety,1,1,timing_implementation:recurring,EPSG:5070_50km_fixed
CONUS50--00003-+00006,lower_48,institutional_channel:budget_pay_plan_process,safety,1,1,institutional_channel:budget_pay_plan_process,EPSG:5070_50km_fixed
CONUS50--00003-+00006,lower_48,institutional_channel:ordinance_council_adoption,safety,1,1,institutional_channel:ordinance_council_adoption,EPSG:5070_50km_fixed
CONUS50--00003-+00006,lower_48,compensation_outcome:retroactive_pay,safety,1,1,compensation_outcome:retroactive_pay,EPSG:5070_50km_fixed
CONUS50--00003-+00006,lower_48,timing_implementation:budget_appropriation,safety,1,1,timing_implementation:budget_appropriation,EPSG:5070_50km_fixed
CONUS50--00003-+00006,lower_48,timing_implementation:one_time,safety,1,1,timing_implementation:one_time,EPSG:5070_50km_fixed
CONUS50--00003-+00006,lower_48,timing_implementation:ordinance_adoption,safety,1,1,timing_implementation:ordinance_adoption,EPSG:5070_50km_fixed
CONUS50--00003-+00006,lower_48,timing_implementation:retroactive,safety,1,1,timing_implementation:retroactive,EPSG:5070_50km_fixed
CONUS50--00003-+00006,lower_48,pressure_channel:fiscal_constraint,safety,1,1,pressure_channel:fiscal_constraint,EPSG:5070_50km_fixed
CONUS50--00003-+00006,lower_48,pressure_channel:market_recruitment_retention,safety,1,1,pressure_channel:market_recruitment_retention,EPSG:5070_50km_fixed
CONUS50-+00003-+00007,lower_48,institutional_channel:none_identified,safety,2,2,institutional_channel:none_identified,EPSG:5070_50km_fixed
CONUS50-+00003-+00007,lower_48,compensation_outcome:no_direct_compensation_outcome,safety,1,1,compensation_outcome:no_direct_compensation_outcome,EPSG:5070_50km_fixed
CONUS50-+00003-+00007,lower_48,timing_implementation:ordinance_adoption,safety,1,1,timing_implementation:ordinance_adoption,EPSG:5070_50km_fixed
CONUS50-+00003-+00007,lower_48,pressure_channel:comparability_parity,safety,1,1,pressure_channel:comparability_parity,EPSG:5070_50km_fixed
CONUS50-+00003-+00007,lower_48,pressure_channel:market_recruitment_retention,safety,1,1,pressure_channel:market_recruitment_retention,EPSG:5070_50km_fixed
CONUS50-+00003-+00007,lower_48,compensation_outcome:across_the_board_raise,safety,1,1,compensation_outcome:across_the_board_raise,EPSG:5070_50km_fixed
CONUS50-+00003-+00007,lower_48,timing_implementation:payroll_effective_date,safety,1,1,timing_implementation:payroll_effective_date,EPSG:5070_50km_fixed
CONUS50-+00003-+00007,lower_48,timing_implementation:recurring,safety,1,1,timing_implementation:recurring,EPSG:5070_50km_fixed
CONUS50-+00003-+00007,lower_48,pressure_channel:none_identified,safety,1,1,pressure_channel:none_identified,EPSG:5070_50km_fixed
CONUS50--00001-+00007,lower_48,institutional_channel:none_identified,safety,1,2,institutional_channel:none_identified,EPSG:5070_50km_fixed
CONUS50--00001-+00007,lower_48,compensation_outcome:across_the_board_raise,safety,1,1,compensation_outcome:across_the_board_raise,EPSG:5070_50km_fixed
CONUS50--00001-+00007,lower_48,compensation_outcome:classification_band_change,safety,1,1,compensation_outcome:classification_band_change,EPSG:5070_50km_fixed
CONUS50--00001-+00007,lower_48,timing_implementation:payroll_effective_date,safety,1,2,timing_implementation:payroll_effective_date,EPSG:5070_50km_fixed
CONUS50--00001-+00007,lower_48,pressure_channel:fiscal_constraint,safety,1,1,pressure_channel:fiscal_constraint,EPSG:5070_50km_fixed
CONUS50--00001-+00007,lower_48,compensation_outcome:retroactive_pay,safety,1,1,compensation_outcome:retroactive_pay,EPSG:5070_50km_fixed
CONUS50--00001-+00007,lower_48,timing_implementation:retroactive,safety,1,1,timing_implementation:retroactive,EPSG:5070_50km_fixed
CONUS50--00001-+00007,lower_48,pressure_channel:none_identified,safety,1,1,pressure_channel:none_identified,EPSG:5070_50km_fixed
CONUS50--00002-+00010,lower_48,institutional_channel:ordinance_council_adoption,safety,1,1,institutional_channel:ordinance_council_adoption,EPSG:5070_50km_fixed
CONUS50--00002-+00010,lower_48,compensation_outcome:no_direct_compensation_outcome,safety,1,1,compensation_outcome:no_direct_compensation_outcome,EPSG:5070_50km_fixed
CONUS50--00002-+00010,lower_48,timing_implementation:ordinance_adoption,safety,1,1,timing_implementation:ordinance_adoption,EPSG:5070_50km_fixed
CONUS50--00002-+00010,lower_48,pressure_channel:none_identified,safety,1,1,pressure_channel:none_identified,EPSG:5070_50km_fixed
CONUS50-+00000-+00013,lower_48,institutional_channel:budget_pay_plan_process,safety,1,1,institutional_channel:budget_pay_plan_process,EPSG:5070_50km_fixed
CONUS50-+00000-+00013,lower_48,compensation_outcome:no_direct_compensation_outcome,safety,1,1,compensation_outcome:no_direct_compensation_outcome,EPSG:5070_50km_fixed
CONUS50-+00000-+00013,lower_48,timing_implementation:payroll_effective_date,safety,1,1,timing_implementation:payroll_effective_date,EPSG:5070_50km_fixed
CONUS50-+00000-+00013,lower_48,pressure_channel:fiscal_constraint,safety,1,1,pressure_channel:fiscal_constraint,EPSG:5070_50km_fixed
CONUS50-+00025-+00016,lower_48,institutional_channel:none_identified,safety,1,1,institutional_channel:none_identified,EPSG:5070_50km_fixed
CONUS50-+00025-+00016,lower_48,compensation_outcome:retroactive_pay,safety,1,1,compensation_outcome:retroactive_pay,EPSG:5070_50km_fixed
CONUS50-+00025-+00016,lower_48,timing_implementation:payroll_effective_date,safety,1,1,timing_implementation:payroll_effective_date,EPSG:5070_50km_fixed
CONUS50-+00025-+00016,lower_48,timing_implementation:retroactive,safety,1,1,timing_implementation:retroactive,EPSG:5070_50km_fixed
CONUS50-+00025-+00016,lower_48,pressure_channel:none_identified,safety,1,1,pressure_channel:none_identified,EPSG:5070_50km_fixed
CONUS50--00026-+00048,lower_48,institutional_channel:none_identified,safety,2,2,institutional_channel:none_identified,EPSG:5070_50km_fixed
CONUS50--00026-+00048,lower_48,compensation_outcome:across_the_board_raise,safety,2,2,compensation_outcome:across_the_board_raise,EPSG:5070_50km_fixed
CONUS50--00026-+00048,lower_48,compensation_outcome:cola_cpi_adjustment,safety,2,2,compensation_outcome:cola_cpi_adjustment,EPSG:5070_50km_fixed
CONUS50--00026-+00048,lower_48,timing_implementation:recurring,safety,2,2,timing_implementation:recurring,EPSG:5070_50km_fixed
CONUS50--00026-+00048,lower_48,pressure_channel:none_identified,safety,2,2,pressure_channel:none_identified,EPSG:5070_50km_fixed
CONUS50--00021-+00044,lower_48,institutional_channel:none_identified,safety,1,2,institutional_channel:none_identified,EPSG:5070_50km_fixed
CONUS50--00021-+00044,lower_48,compensation_outcome:across_the_board_raise,safety,1,1,compensation_outcome:across_the_board_raise,EPSG:5070_50km_fixed
CONUS50--00021-+00044,lower_48,timing_implementation:recurring,safety,1,1,timing_implementation:recurring,EPSG:5070_50km_fixed
CONUS50--00021-+00044,lower_48,pressure_channel:none_identified,safety,1,2,pressure_channel:none_identified,EPSG:5070_50km_fixed
CONUS50--00021-+00044,lower_48,compensation_outcome:retroactive_pay,safety,1,1,compensation_outcome:retroactive_pay,EPSG:5070_50km_fixed
CONUS50--00021-+00044,lower_48,timing_implementation:payroll_effective_date,safety,1,1,timing_implementation:payroll_effective_date,EPSG:5070_50km_fixed
CONUS50--00021-+00044,lower_48,timing_implementation:retroactive,safety,1,1,timing_implementation:retroactive,EPSG:5070_50km_fixed
CONUS50--00024-+00047,lower_48,institutional_channel:none_identified,safety,2,3,institutional_channel:none_identified,EPSG:5070_50km_fixed
CONUS50--00024-+00047,lower_48,compensation_outcome:across_the_board_raise,safety,2,2,compensation_outcome:across_the_board_raise,EPSG:5070_50km_fixed
CONUS50--00024-+00047,lower_48,timing_implementation:payroll_effective_date,safety,1,2,timing_implementation:payroll_effective_date,EPSG:5070_50km_fixed
CONUS50--00024-+00047,lower_48,timing_implementation:recurring,safety,2,2,timing_implementation:recurring,EPSG:5070_50km_fixed
CONUS50--00024-+00047,lower_48,pressure_channel:none_identified,safety,2,3,pressure_channel:none_identified,EPSG:5070_50km_fixed
CONUS50--00024-+00047,lower_48,compensation_outcome:retroactive_pay,safety,1,1,compensation_outcome:retroactive_pay,EPSG:5070_50km_fixed
CONUS50--00024-+00047,lower_48,timing_implementation:retroactive,safety,1,1,timing_implementation:retroactive,EPSG:5070_50km_fixed
CONUS50--00024-+00047,lower_48,timing_implementation:ordinance_adoption,safety,1,1,timing_implementation:ordinance_adoption,EPSG:5070_50km_fixed
CONUS50--00025-+00046,lower_48,institutional_channel:ordinance_council_adoption,safety,1,2,institutional_channel:ordinance_council_adoption,EPSG:5070_50km_fixed
CONUS50--00025-+00046,lower_48,compensation_outcome:cola_cpi_adjustment,safety,1,1,compensation_outcome:cola_cpi_adjustment,EPSG:5070_50km_fixed
CONUS50--00025-+00046,lower_48,timing_implementation:ordinance_adoption,safety,1,2,timing_implementation:ordinance_adoption,EPSG:5070_50km_fixed
CONUS50--00025-+00046,lower_48,timing_implementation:recurring,safety,1,1,timing_implementation:recurring,EPSG:5070_50km_fixed
CONUS50--00025-+00046,lower_48,pressure_channel:inflation_indexing,safety,1,1,pressure_channel:inflation_indexing,EPSG:5070_50km_fixed
CONUS50--00025-+00046,lower_48,institutional_channel:none_identified,safety,1,1,institutional_channel:none_identified,EPSG:5070_50km_fixed
CONUS50--00025-+00046,lower_48,compensation_outcome:non_base_compensation_other,safety,1,1,compensation_outcome:non_base_compensation_other,EPSG:5070_50km_fixed
CONUS50--00025-+00046,lower_48,timing_implementation:payroll_effective_date,safety,1,1,timing_implementation:payroll_effective_date,EPSG:5070_50km_fixed
CONUS50--00025-+00046,lower_48,pressure_channel:none_identified,safety,1,2,pressure_channel:none_identified,EPSG:5070_50km_fixed
CONUS50--00025-+00046,lower_48,compensation_outcome:no_direct_compensation_outcome,safety,1,1,compensation_outcome:no_direct_compensation_outcome,EPSG:5070_50km_fixed
CONUS50-+00007-+00023,lower_48,institutional_channel:collective_bargaining,safety,2,2,institutional_channel:collective_bargaining,EPSG:5070_50km_fixed
CONUS50-+00007-+00023,lower_48,institutional_channel:settlement_or_mou,safety,2,2,institutional_channel:settlement_or_mou,EPSG:5070_50km_fixed
CONUS50-+00007-+00023,lower_48,compensation_outcome:no_direct_compensation_outcome,safety,3,3,compensation_outcome:no_direct_compensation_outcome,EPSG:5070_50km_fixed
CONUS50-+00007-+00023,lower_48,timing_implementation:unclear,safety,2,2,timing_implementation:unclear,EPSG:5070_50km_fixed
CONUS50-+00007-+00023,lower_48,pressure_channel:bargaining_leverage,safety,2,2,pressure_channel:bargaining_leverage,EPSG:5070_50km_fixed
CONUS50-+00007-+00023,lower_48,institutional_channel:none_identified,safety,3,3,institutional_channel:none_identified,EPSG:5070_50km_fixed
CONUS50-+00007-+00023,lower_48,compensation_outcome:non_base_compensation_other,safety,2,2,compensation_outcome:non_base_compensation_other,EPSG:5070_50km_fixed
CONUS50-+00007-+00023,lower_48,timing_implementation:payroll_effective_date,safety,3,3,timing_implementation:payroll_effective_date,EPSG:5070_50km_fixed
CONUS50-+00007-+00023,lower_48,pressure_channel:none_identified,safety,3,3,pressure_channel:none_identified,EPSG:5070_50km_fixed
CONUS50-+00005-+00027,lower_48,institutional_channel:none_identified,safety,1,1,institutional_channel:none_identified,EPSG:5070_50km_fixed
CONUS50-+00005-+00027,lower_48,compensation_outcome:retroactive_pay,safety,1,1,compensation_outcome:retroactive_pay,EPSG:5070_50km_fixed
CONUS50-+00005-+00027,lower_48,timing_implementation:payroll_effective_date,safety,1,1,timing_implementation:payroll_effective_date,EPSG:5070_50km_fixed
CONUS50-+00005-+00027,lower_48,timing_implementation:retroactive,safety,1,1,timing_implementation:retroactive,EPSG:5070_50km_fixed
CONUS50-+00005-+00027,lower_48,pressure_channel:none_identified,safety,1,1,pressure_channel:none_identified,EPSG:5070_50km_fixed
CONUS50-+00008-+00021,lower_48,compensation_outcome:benefit_cost_change,safety,1,1,compensation_outcome:benefit_cost_change,EPSG:5070_50km_fixed
CONUS50-+00008-+00021,lower_48,timing_implementation:unclear,safety,1,1,timing_implementation:unclear,EPSG:5070_50km_fixed
CONUS50-+00007-+00023,lower_48,institutional_channel:budget_pay_plan_process,safety,2,2,institutional_channel:budget_pay_plan_process,EPSG:5070_50km_fixed
CONUS50-+00007-+00023,lower_48,pressure_channel:fiscal_constraint,safety,2,2,pressure_channel:fiscal_constraint,EPSG:5070_50km_fixed
CONUS50-+00008-+00022,lower_48,institutional_channel:none_identified,safety,7,10,institutional_channel:none_identified,EPSG:5070_50km_fixed
CONUS50-+00008-+00022,lower_48,compensation_outcome:retroactive_pay,safety,4,4,compensation_outcome:retroactive_pay,EPSG:5070_50km_fixed
CONUS50-+00008-+00022,lower_48,timing_implementation:one_time,safety,3,3,timing_implementation:one_time,EPSG:5070_50km_fixed
CONUS50-+00008-+00022,lower_48,timing_implementation:retroactive,safety,4,4,timing_implementation:retroactive,EPSG:5070_50km_fixed
CONUS50-+00008-+00022,lower_48,pressure_channel:none_identified,safety,7,9,pressure_channel:none_identified,EPSG:5070_50km_fixed
CONUS50-+00005-+00026,lower_48,institutional_channel:none_identified,safety,4,6,institutional_channel:none_identified,EPSG:5070_50km_fixed
CONUS50-+00005-+00026,lower_48,compensation_outcome:retroactive_pay,safety,3,3,compensation_outcome:retroactive_pay,EPSG:5070_50km_fixed
CONUS50-+00005-+00026,lower_48,timing_implementation:payroll_effective_date,safety,3,3,timing_implementation:payroll_effective_date,EPSG:5070_50km_fixed
CONUS50-+00005-+00026,lower_48,timing_implementation:retroactive,safety,3,3,timing_implementation:retroactive,EPSG:5070_50km_fixed
CONUS50-+00005-+00026,lower_48,pressure_channel:none_identified,safety,4,6,pressure_channel:none_identified,EPSG:5070_50km_fixed
CONUS50-+00005-+00026,lower_48,compensation_outcome:across_the_board_raise,safety,2,2,compensation_outcome:across_the_board_raise,EPSG:5070_50km_fixed
CONUS50-+00005-+00026,lower_48,timing_implementation:recurring,safety,2,3,timing_implementation:recurring,EPSG:5070_50km_fixed
CONUS50-+00005-+00026,lower_48,compensation_outcome:non_base_compensation_other,safety,1,1,compensation_outcome:non_base_compensation_other,EPSG:5070_50km_fixed
CONUS50-+00005-+00026,lower_48,timing_implementation:unclear,safety,1,1,timing_implementation:unclear,EPSG:5070_50km_fixed
CONUS50-+00005-+00026,lower_48,compensation_outcome:base_wage_change,safety,1,1,compensation_outcome:base_wage_change,EPSG:5070_50km_fixed
CONUS50-+00006-+00025,lower_48,institutional_channel:none_identified,safety,1,2,institutional_channel:none_identified,EPSG:5070_50km_fixed
CONUS50-+00006-+00025,lower_48,compensation_outcome:across_the_board_raise,safety,1,1,compensation_outcome:across_the_board_raise,EPSG:5070_50km_fixed
CONUS50-+00006-+00025,lower_48,timing_implementation:payroll_effective_date,safety,1,2,timing_implementation:payroll_effective_date,EPSG:5070_50km_fixed
CONUS50-+00006-+00025,lower_48,timing_implementation:recurring,safety,1,1,timing_implementation:recurring,EPSG:5070_50km_fixed
CONUS50-+00006-+00025,lower_48,pressure_channel:none_identified,safety,1,2,pressure_channel:none_identified,EPSG:5070_50km_fixed
CONUS50-+00006-+00025,lower_48,compensation_outcome:benefit_cost_change,safety,1,1,compensation_outcome:benefit_cost_change,EPSG:5070_50km_fixed
CONUS50-+00006-+00025,lower_48,compensation_outcome:retroactive_pay,safety,1,1,compensation_outcome:retroactive_pay,EPSG:5070_50km_fixed
CONUS50-+00006-+00025,lower_48,timing_implementation:retroactive,safety,1,1,timing_implementation:retroactive,EPSG:5070_50km_fixed
CONUS50-+00008-+00021,lower_48,compensation_outcome:non_base_compensation_other,safety,1,1,compensation_outcome:non_base_compensation_other,EPSG:5070_50km_fixed
CONUS50-+00004-+00026,lower_48,institutional_channel:budget_pay_plan_process,safety,3,3,institutional_channel:budget_pay_plan_process,EPSG:5070_50km_fixed
CONUS50-+00004-+00026,lower_48,compensation_outcome:no_direct_compensation_outcome,safety,4,4,compensation_outcome:no_direct_compensation_outcome,EPSG:5070_50km_fixed
CONUS50-+00004-+00026,lower_48,pressure_channel:fiscal_constraint,safety,3,3,pressure_channel:fiscal_constraint,EPSG:5070_50km_fixed
CONUS50-+00008-+00022,lower_48,timing_implementation:payroll_effective_date,safety,6,9,timing_implementation:payroll_effective_date,EPSG:5070_50km_fixed
CONUS50-+00005-+00024,lower_48,compensation_outcome:non_base_compensation_other,safety,2,2,compensation_outcome:non_base_compensation_other,EPSG:5070_50km_fixed
CONUS50-+00005-+00024,lower_48,timing_implementation:contract_ratification,safety,1,1,timing_implementation:contract_ratification,EPSG:5070_50km_fixed
CONUS50-+00005-+00024,lower_48,timing_implementation:one_time,safety,1,1,timing_implementation:one_time,EPSG:5070_50km_fixed
CONUS50-+00005-+00024,lower_48,compensation_outcome:longevity,safety,1,1,compensation_outcome:longevity,EPSG:5070_50km_fixed
CONUS50-+00005-+00024,lower_48,timing_implementation:recurring,safety,1,1,timing_implementation:recurring,EPSG:5070_50km_fixed
CONUS50-+00005-+00024,lower_48,institutional_channel:budget_pay_plan_process,safety,1,1,institutional_channel:budget_pay_plan_process,EPSG:5070_50km_fixed
CONUS50-+00005-+00024,lower_48,compensation_outcome:no_direct_compensation_outcome,safety,1,1,compensation_outcome:no_direct_compensation_outcome,EPSG:5070_50km_fixed
CONUS50-+00005-+00024,lower_48,pressure_channel:fiscal_constraint,safety,1,1,pressure_channel:fiscal_constraint,EPSG:5070_50km_fixed
CONUS50-+00009-+00022,lower_48,institutional_channel:none_identified,safety,2,3,institutional_channel:none_identified,EPSG:5070_50km_fixed
CONUS50-+00009-+00022,lower_48,compensation_outcome:cola_cpi_adjustment,safety,2,2,compensation_outcome:cola_cpi_adjustment,EPSG:5070_50km_fixed
CONUS50-+00009-+00022,lower_48,timing_implementation:payroll_effective_date,safety,2,3,timing_implementation:payroll_effective_date,EPSG:5070_50km_fixed
CONUS50-+00009-+00022,lower_48,timing_implementation:recurring,safety,2,2,timing_implementation:recurring,EPSG:5070_50km_fixed
CONUS50-+00009-+00022,lower_48,pressure_channel:inflation_indexing,safety,2,2,pressure_channel:inflation_indexing,EPSG:5070_50km_fixed
CONUS50-+00009-+00022,lower_48,compensation_outcome:non_base_compensation_other,safety,1,1,compensation_outcome:non_base_compensation_other,EPSG:5070_50km_fixed
CONUS50-+00009-+00022,lower_48,pressure_channel:none_identified,safety,2,2,pressure_channel:none_identified,EPSG:5070_50km_fixed
CONUS50-+00009-+00022,lower_48,institutional_channel:budget_pay_plan_process,safety,1,1,institutional_channel:budget_pay_plan_process,EPSG:5070_50km_fixed
CONUS50-+00009-+00022,lower_48,timing_implementation:budget_appropriation,safety,1,1,timing_implementation:budget_appropriation,EPSG:5070_50km_fixed
CONUS50-+00009-+00022,lower_48,timing_implementation:ordinance_adoption,safety,1,1,timing_implementation:ordinance_adoption,EPSG:5070_50km_fixed
CONUS50-+00009-+00022,lower_48,pressure_channel:fiscal_constraint,safety,1,1,pressure_channel:fiscal_constraint,EPSG:5070_50km_fixed
CONUS50-+00007-+00024,lower_48,institutional_channel:none_identified,safety,3,5,institutional_channel:none_identified,EPSG:5070_50km_fixed
CONUS50-+00007-+00024,lower_48,compensation_outcome:base_wage_change,safety,1,1,compensation_outcome:base_wage_change,EPSG:5070_50km_fixed
CONUS50-+00007-+00024,lower_48,compensation_outcome:retroactive_pay,safety,3,3,compensation_outcome:retroactive_pay,EPSG:5070_50km_fixed
CONUS50-+00007-+00024,lower_48,timing_implementation:payroll_effective_date,safety,3,3,timing_implementation:payroll_effective_date,EPSG:5070_50km_fixed
CONUS50-+00007-+00024,lower_48,timing_implementation:recurring,safety,2,3,timing_implementation:recurring,EPSG:5070_50km_fixed
CONUS50-+00007-+00024,lower_48,timing_implementation:retroactive,safety,3,3,timing_implementation:retroactive,EPSG:5070_50km_fixed
CONUS50-+00007-+00024,lower_48,pressure_channel:none_identified,safety,3,5,pressure_channel:none_identified,EPSG:5070_50km_fixed
CONUS50-+00008-+00022,lower_48,compensation_outcome:non_base_compensation_other,safety,5,5,compensation_outcome:non_base_compensation_other,EPSG:5070_50km_fixed
CONUS50-+00008-+00022,lower_48,compensation_outcome:cola_cpi_adjustment,safety,2,2,compensation_outcome:cola_cpi_adjustment,EPSG:5070_50km_fixed
CONUS50-+00008-+00022,lower_48,timing_implementation:recurring,safety,2,3,timing_implementation:recurring,EPSG:5070_50km_fixed
CONUS50-+00008-+00022,lower_48,pressure_channel:inflation_indexing,safety,2,2,pressure_channel:inflation_indexing,EPSG:5070_50km_fixed
CONUS50-+00008-+00022,lower_48,institutional_channel:collective_bargaining,safety,1,1,institutional_channel:collective_bargaining,EPSG:5070_50km_fixed
CONUS50-+00008-+00022,lower_48,compensation_outcome:base_wage_change,safety,1,1,compensation_outcome:base_wage_change,EPSG:5070_50km_fixed
CONUS50-+00008-+00022,lower_48,pressure_channel:bargaining_leverage,safety,1,1,pressure_channel:bargaining_leverage,EPSG:5070_50km_fixed
CONUS50-+00008-+00022,lower_48,institutional_channel:budget_pay_plan_process,safety,1,1,institutional_channel:budget_pay_plan_process,EPSG:5070_50km_fixed
CONUS50-+00008-+00022,lower_48,pressure_channel:fiscal_constraint,safety,1,1,pressure_channel:fiscal_constraint,EPSG:5070_50km_fixed
CONUS50-+00008-+00022,lower_48,institutional_channel:interest_arbitration,safety,1,1,institutional_channel:interest_arbitration,EPSG:5070_50km_fixed
CONUS50-+00008-+00022,lower_48,compensation_outcome:no_direct_compensation_outcome,safety,1,1,compensation_outcome:no_direct_compensation_outcome,EPSG:5070_50km_fixed
CONUS50-+00008-+00022,lower_48,timing_implementation:unclear,safety,1,1,timing_implementation:unclear,EPSG:5070_50km_fixed
CONUS50-+00008-+00024,lower_48,institutional_channel:budget_pay_plan_process,safety,2,2,institutional_channel:budget_pay_plan_process,EPSG:5070_50km_fixed
CONUS50-+00008-+00024,lower_48,compensation_outcome:no_direct_compensation_outcome,safety,2,2,compensation_outcome:no_direct_compensation_outcome,EPSG:5070_50km_fixed
CONUS50-+00008-+00024,lower_48,timing_implementation:payroll_effective_date,safety,2,2,timing_implementation:payroll_effective_date,EPSG:5070_50km_fixed
CONUS50-+00008-+00024,lower_48,pressure_channel:fiscal_constraint,safety,2,2,pressure_channel:fiscal_constraint,EPSG:5070_50km_fixed
CONUS50-+00008-+00023,lower_48,institutional_channel:budget_pay_plan_process,safety,1,1,institutional_channel:budget_pay_plan_process,EPSG:5070_50km_fixed
CONUS50-+00008-+00023,lower_48,compensation_outcome:no_direct_compensation_outcome,safety,1,1,compensation_outcome:no_direct_compensation_outcome,EPSG:5070_50km_fixed
CONUS50-+00008-+00023,lower_48,timing_implementation:payroll_effective_date,safety,2,2,timing_implementation:payroll_effective_date,EPSG:5070_50km_fixed
CONUS50-+00008-+00023,lower_48,pressure_channel:fiscal_constraint,safety,1,1,pressure_channel:fiscal_constraint,EPSG:5070_50km_fixed
CONUS50-+00006-+00026,lower_48,institutional_channel:budget_pay_plan_process,safety,3,3,institutional_channel:budget_pay_plan_process,EPSG:5070_50km_fixed
CONUS50-+00006-+00026,lower_48,institutional_channel:settlement_or_mou,safety,1,1,institutional_channel:settlement_or_mou,EPSG:5070_50km_fixed
CONUS50-+00006-+00026,lower_48,compensation_outcome:no_direct_compensation_outcome,safety,2,2,compensation_outcome:no_direct_compensation_outcome,EPSG:5070_50km_fixed
CONUS50-+00006-+00026,lower_48,timing_implementation:payroll_effective_date,safety,2,2,timing_implementation:payroll_effective_date,EPSG:5070_50km_fixed
CONUS50-+00006-+00026,lower_48,pressure_channel:fiscal_constraint,safety,3,3,pressure_channel:fiscal_constraint,EPSG:5070_50km_fixed
CONUS50-+00006-+00026,lower_48,compensation_outcome:uniform_or_equipment_allowance,safety,1,1,compensation_outcome:uniform_or_equipment_allowance,EPSG:5070_50km_fixed
CONUS50-+00006-+00026,lower_48,timing_implementation:recurring,safety,1,1,timing_implementation:recurring,EPSG:5070_50km_fixed
CONUS50-+00006-+00023,lower_48,institutional_channel:none_identified,safety,2,2,institutional_channel:none_identified,EPSG:5070_50km_fixed
CONUS50-+00006-+00023,lower_48,compensation_outcome:across_the_board_raise,safety,1,1,compensation_outcome:across_the_board_raise,EPSG:5070_50km_fixed
CONUS50-+00006-+00023,lower_48,timing_implementation:payroll_effective_date,safety,4,4,timing_implementation:payroll_effective_date,EPSG:5070_50km_fixed
CONUS50-+00006-+00023,lower_48,timing_implementation:recurring,safety,2,2,timing_implementation:recurring,EPSG:5070_50km_fixed
CONUS50-+00006-+00023,lower_48,pressure_channel:none_identified,safety,2,2,pressure_channel:none_identified,EPSG:5070_50km_fixed
CONUS50-+00006-+00023,lower_48,institutional_channel:budget_pay_plan_process,safety,2,2,institutional_channel:budget_pay_plan_process,EPSG:5070_50km_fixed
CONUS50-+00006-+00023,lower_48,compensation_outcome:cola_cpi_adjustment,safety,1,1,compensation_outcome:cola_cpi_adjustment,EPSG:5070_50km_fixed
CONUS50-+00006-+00023,lower_48,pressure_channel:fiscal_constraint,safety,2,2,pressure_channel:fiscal_constraint,EPSG:5070_50km_fixed
CONUS50-+00006-+00023,lower_48,compensation_outcome:no_direct_compensation_outcome,safety,1,1,compensation_outcome:no_direct_compensation_outcome,EPSG:5070_50km_fixed
CONUS50-+00006-+00023,lower_48,compensation_outcome:non_base_compensation_other,safety,1,1,compensation_outcome:non_base_compensation_other,EPSG:5070_50km_fixed
CONUS50-+00004-+00028,lower_48,institutional_channel:budget_pay_plan_process,safety,2,2,institutional_channel:budget_pay_plan_process,EPSG:5070_50km_fixed
CONUS50-+00004-+00028,lower_48,compensation_outcome:no_direct_compensation_outcome,safety,2,2,compensation_outcome:no_direct_compensation_outcome,EPSG:5070_50km_fixed
CONUS50-+00004-+00028,lower_48,timing_implementation:unclear,safety,1,1,timing_implementation:unclear,EPSG:5070_50km_fixed
CONUS50-+00004-+00028,lower_48,pressure_channel:fiscal_constraint,safety,2,2,pressure_channel:fiscal_constraint,EPSG:5070_50km_fixed
CONUS50-+00004-+00028,lower_48,timing_implementation:payroll_effective_date,safety,2,2,timing_implementation:payroll_effective_date,EPSG:5070_50km_fixed
CONUS50-+00007-+00022,lower_48,institutional_channel:budget_pay_plan_process,safety,3,3,institutional_channel:budget_pay_plan_process,EPSG:5070_50km_fixed
CONUS50-+00007-+00022,lower_48,institutional_channel:ordinance_council_adoption,safety,1,1,institutional_channel:ordinance_council_adoption,EPSG:5070_50km_fixed
CONUS50-+00007-+00022,lower_48,compensation_outcome:no_direct_compensation_outcome,safety,3,3,compensation_outcome:no_direct_compensation_outcome,EPSG:5070_50km_fixed
CONUS50-+00007-+00022,lower_48,timing_implementation:contract_ratification,safety,1,1,timing_implementation:contract_ratification,EPSG:5070_50km_fixed
CONUS50-+00007-+00022,lower_48,timing_implementation:ordinance_adoption,safety,1,1,timing_implementation:ordinance_adoption,EPSG:5070_50km_fixed
CONUS50-+00007-+00022,lower_48,pressure_channel:fiscal_constraint,safety,3,3,pressure_channel:fiscal_constraint,EPSG:5070_50km_fixed
CONUS50-+00008-+00023,lower_48,institutional_channel:none_identified,safety,2,2,institutional_channel:none_identified,EPSG:5070_50km_fixed
CONUS50-+00008-+00023,lower_48,compensation_outcome:across_the_board_raise,safety,1,1,compensation_outcome:across_the_board_raise,EPSG:5070_50km_fixed
CONUS50-+00008-+00023,lower_48,timing_implementation:recurring,safety,1,1,timing_implementation:recurring,EPSG:5070_50km_fixed
CONUS50-+00008-+00023,lower_48,pressure_channel:none_identified,safety,2,2,pressure_channel:none_identified,EPSG:5070_50km_fixed
CONUS50-+00004-+00026,lower_48,compensation_outcome:non_base_compensation_other,safety,3,3,compensation_outcome:non_base_compensation_other,EPSG:5070_50km_fixed
CONUS50-+00007-+00022,lower_48,timing_implementation:payroll_effective_date,safety,2,2,timing_implementation:payroll_effective_date,EPSG:5070_50km_fixed
CONUS50-+00006-+00026,lower_48,institutional_channel:none_identified,safety,2,3,institutional_channel:none_identified,EPSG:5070_50km_fixed
CONUS50-+00006-+00026,lower_48,compensation_outcome:across_the_board_raise,safety,2,2,compensation_outcome:across_the_board_raise,EPSG:5070_50km_fixed
CONUS50-+00006-+00026,lower_48,compensation_outcome:classification_band_change,safety,2,2,compensation_outcome:classification_band_change,EPSG:5070_50km_fixed
CONUS50-+00006-+00026,lower_48,timing_implementation:unclear,safety,2,2,timing_implementation:unclear,EPSG:5070_50km_fixed
CONUS50-+00006-+00026,lower_48,pressure_channel:none_identified,safety,2,3,pressure_channel:none_identified,EPSG:5070_50km_fixed
CONUS50-+00006-+00026,lower_48,compensation_outcome:retroactive_pay,safety,1,1,compensation_outcome:retroactive_pay,EPSG:5070_50km_fixed
CONUS50-+00006-+00026,lower_48,timing_implementation:one_time,safety,1,1,timing_implementation:one_time,EPSG:5070_50km_fixed
CONUS50-+00006-+00026,lower_48,timing_implementation:retroactive,safety,1,1,timing_implementation:retroactive,EPSG:5070_50km_fixed
CONUS50-+00008-+00023,lower_48,compensation_outcome:non_base_compensation_other,safety,1,1,compensation_outcome:non_base_compensation_other,EPSG:5070_50km_fixed
CONUS50-+00007-+00023,lower_48,compensation_outcome:across_the_board_raise,safety,1,1,compensation_outcome:across_the_board_raise,EPSG:5070_50km_fixed
CONUS50-+00007-+00023,lower_48,timing_implementation:recurring,safety,1,1,timing_implementation:recurring,EPSG:5070_50km_fixed
CONUS50-+00007-+00023,lower_48,compensation_outcome:retroactive_pay,safety,1,1,compensation_outcome:retroactive_pay,EPSG:5070_50km_fixed
CONUS50-+00007-+00023,lower_48,timing_implementation:one_time,safety,1,1,timing_implementation:one_time,EPSG:5070_50km_fixed
CONUS50-+00007-+00023,lower_48,timing_implementation:retroactive,safety,1,1,timing_implementation:retroactive,EPSG:5070_50km_fixed
CONUS50-+00004-+00026,lower_48,institutional_channel:ordinance_council_adoption,safety,2,2,institutional_channel:ordinance_council_adoption,EPSG:5070_50km_fixed
CONUS50-+00004-+00026,lower_48,timing_implementation:budget_appropriation,safety,1,1,timing_implementation:budget_appropriation,EPSG:5070_50km_fixed
CONUS50-+00004-+00026,lower_48,timing_implementation:ordinance_adoption,safety,2,2,timing_implementation:ordinance_adoption,EPSG:5070_50km_fixed
CONUS50-+00004-+00026,lower_48,compensation_outcome:across_the_board_raise,safety,1,1,compensation_outcome:across_the_board_raise,EPSG:5070_50km_fixed
CONUS50-+00004-+00026,lower_48,timing_implementation:recurring,safety,2,2,timing_implementation:recurring,EPSG:5070_50km_fixed
CONUS50-+00009-+00022,lower_48,compensation_outcome:retroactive_pay,safety,1,1,compensation_outcome:retroactive_pay,EPSG:5070_50km_fixed
CONUS50-+00009-+00022,lower_48,timing_implementation:retroactive,safety,1,1,timing_implementation:retroactive,EPSG:5070_50km_fixed
CONUS50-+00004-+00026,lower_48,compensation_outcome:overtime,safety,1,1,compensation_outcome:overtime,EPSG:5070_50km_fixed
CONUS50-+00007-+00024,lower_48,compensation_outcome:across_the_board_raise,safety,1,1,compensation_outcome:across_the_board_raise,EPSG:5070_50km_fixed
CONUS50-+00007-+00024,lower_48,compensation_outcome:longevity,safety,1,1,compensation_outcome:longevity,EPSG:5070_50km_fixed
CONUS50-+00004-+00027,lower_48,institutional_channel:none_identified,safety,1,2,institutional_channel:none_identified,EPSG:5070_50km_fixed
CONUS50-+00004-+00027,lower_48,compensation_outcome:across_the_board_raise,safety,1,1,compensation_outcome:across_the_board_raise,EPSG:5070_50km_fixed
CONUS50-+00004-+00027,lower_48,timing_implementation:recurring,safety,1,1,timing_implementation:recurring,EPSG:5070_50km_fixed
CONUS50-+00004-+00027,lower_48,pressure_channel:none_identified,safety,1,2,pressure_channel:none_identified,EPSG:5070_50km_fixed
CONUS50-+00004-+00027,lower_48,compensation_outcome:retroactive_pay,safety,1,1,compensation_outcome:retroactive_pay,EPSG:5070_50km_fixed
CONUS50-+00004-+00027,lower_48,timing_implementation:one_time,safety,1,1,timing_implementation:one_time,EPSG:5070_50km_fixed
CONUS50-+00004-+00027,lower_48,timing_implementation:retroactive,safety,1,1,timing_implementation:retroactive,EPSG:5070_50km_fixed
CONUS50-+00004-+00028,lower_48,institutional_channel:none_identified,safety,2,2,institutional_channel:none_identified,EPSG:5070_50km_fixed
CONUS50-+00004-+00028,lower_48,compensation_outcome:non_base_compensation_other,safety,1,1,compensation_outcome:non_base_compensation_other,EPSG:5070_50km_fixed
CONUS50-+00004-+00028,lower_48,pressure_channel:none_identified,safety,2,2,pressure_channel:none_identified,EPSG:5070_50km_fixed
CONUS50-+00004-+00028,lower_48,compensation_outcome:across_the_board_raise,safety,1,1,compensation_outcome:across_the_board_raise,EPSG:5070_50km_fixed
CONUS50-+00004-+00028,lower_48,timing_implementation:recurring,safety,1,1,timing_implementation:recurring,EPSG:5070_50km_fixed
CONUS50-+00009-+00021,lower_48,compensation_outcome:across_the_board_raise,safety,2,2,compensation_outcome:across_the_board_raise,EPSG:5070_50km_fixed
CONUS50-+00009-+00021,lower_48,timing_implementation:recurring,safety,2,3,timing_implementation:recurring,EPSG:5070_50km_fixed
CONUS50-+00009-+00021,lower_48,compensation_outcome:base_wage_change,safety,1,1,compensation_outcome:base_wage_change,EPSG:5070_50km_fixed
