City of Hueytown

OFFICIAL FIREFIGHTER
SALARY SCHEDULE

April 6, 2026

THE PERSONNEL BOARD OF JEFFERSON COUNTY
2121 8TH AVENUE NORTH, SUITE 100
BIRMINGHAM, AL 35203

I hereby certify this to be a true and correct salary schedule as
generated by the Personnel Board of Jefferson County

Jeffrey Crenshaw, Personnel Board Director

3%

CITY OF HUEYTOWN
FIREFIGHTER
RATES

Acknowledged on 3/26/2026

(Hourly Rate based on 2704 Annual Hours)

Effective 4/06/2026
Grade

STEP 1

STEP 2

STEP 3

STEP 4

STEP 5

STEP 6

STEP 7

STEP 8

STEP 9

STEP 10

PREM 1

PREM 2

PREM 3

17F

hourly
bi-weekly
semi-monthly
monthly
annually

15.2846
1,589.60
1,722.07
3,444.13
41,329.60

16.0538
1,669.60
1,808.73
3,617.47
43,409.60

16.8538
1,752.80
1,898.87
3,797.73
45,572.80

17.7000
1,840.80
1,994.20
3,988.40
47,860.80

18.5846
1,932.80
2,093.87
4,187.73
50,252.80

19.5154
2,029.60
2,198.73
4,397.47
52,769.60

20.4846
2,130.40
2,307.93
4,615.87
55,390.40

21.5154
2,237.60
2,424.07
4,848.13
58,177.60

22.5846
2,348.80
2,544.53
5,089.07
61,068.80

23.7154
2,466.40
2,671.93
5,343.87
64,126.40

24.9000
2,589.60
2,805.40
5,610.80
67,329.60

26.1462
2,719.20
2,945.80
5,891.60
70,699.20

27.4538
2,855.20
3,093.13
6,186.27
74,235.20

18F

hourly
bi-weekly
semi-monthly
monthly
annually

16.0538
1,669.60
1,808.73
3,617.47
43,409.60

16.8538
1,752.80
1,898.87
3,797.73
45,572.80

17.7000
1,840.80
1,994.20
3,988.40
47,860.80

18.5846
1,932.80
2,093.87
4,187.73
50,252.80

19.5154
2,029.60
2,198.73
4,397.47
52,769.60

20.4846
2,130.40
2,307.93
4,615.87
55,390.40

21.5154
2,237.60
2,424.07
4,848.13
58,177.60

22.5846
2,348.80
2,544.53
5,089.07
61,068.80

23.7154
2,466.40
2,671.93
5,343.87
64,126.40

24.9000
2,589.60
2,805.40
5,610.80
67,329.60

26.1462
2,719.20
2,945.80
5,891.60
70,699.20

27.4538
2,855.20
3,093.13
6,186.27
74,235.20

28.8308
2,998.40
3,248.27
6,496.53
77,958.40

19F

hourly
bi-weekly
semi-monthly
monthly
annually

16.8538
1,752.80
1,898.87
3,797.73
45,572.80

17.7000
1,840.80
1,994.20
3,988.40
47,860.80

18.5846
1,932.80
2,093.87
4,187.73
50,252.80

19.5154
2,029.60
2,198.73
4,397.47
52,769.60

20.4846
2,130.40
2,307.93
4,615.87
55,390.40

21.5154
2,237.60
2,424.07
4,848.13
58,177.60

22.5846
2,348.80
2,544.53
5,089.07
61,068.80

23.7154
2,466.40
2,671.93
5,343.87
64,126.40

24.9000
2,589.60
2,805.40
5,610.80
67,329.60

26.1462
2,719.20
2,945.80
5,891.60
70,699.20

27.4538
2,855.20
3,093.13
6,186.27
74,235.20

28.8308
2,998.40
3,248.27
6,496.53
77,958.40

30.2692
3,148.00
3,410.33
6,820.67
81,848.00

20F

hourly
bi-weekly
semi-monthly
monthly
annually

17.7000
1,840.80
1,994.20
3,988.40
47,860.80

18.5846
1,932.80
2,093.87
4,187.73
50,252.80

19.5154
2,029.60
2,198.73
4,397.47
52,769.60

20.4846
2,130.40
2,307.93
4,615.87
55,390.40

21.5154
2,237.60
2,424.07
4,848.13
58,177.60

22.5846
2,348.80
2,544.53
5,089.07
61,068.80

23.7154
2,466.40
2,671.93
5,343.87
64,126.40

24.9000
2,589.60
2,805.40
5,610.80
67,329.60

26.1462
2,719.20
2,945.80
5,891.60
70,699.20

27.4538
2,855.20
3,093.13
6,186.27
74,235.20

28.8308
2,998.40
3,248.27
6,496.53
77,958.40

30.2692
3,148.00
3,410.33
6,820.67
81,848.00

31.7846
3,305.60
3,581.07
7,162.13
85,945.60

21F

hourly
bi-weekly
semi-monthly
monthly
annually

18.5846
1,932.80
2,093.87
4,187.73
50,252.80

19.5154
2,029.60
2,198.73
4,397.47
52,769.60

20.4846
2,130.40
2,307.93
4,615.87
55,390.40

21.5154
2,237.60
2,424.07
4,848.13
58,177.60

22.5846
2,348.80
2,544.53
5,089.07
61,068.80

23.7154
2,466.40
2,671.93
5,343.87
64,126.40

24.9000
2,589.60
2,805.40
5,610.80
67,329.60

26.1462
2,719.20
2,945.80
5,891.60
70,699.20

27.4538
2,855.20
3,093.13
6,186.27
74,235.20

28.8308
2,998.40
3,248.27
6,496.53
77,958.40

30.2692
3,148.00
3,410.33
6,820.67
81,848.00

31.7846
3,305.60
3,581.07
7,162.13
85,945.60

33.3692
3,470.40
3,759.60
7,519.20
90,230.40

22F

hourly
bi-weekly
semi-monthly
monthly
annually

19.5154
2,029.60
2,198.73
4,397.47
52,769.60

20.4846
2,130.40
2,307.93
4,615.87
55,390.40

21.5154
2,237.60
2,424.07
4,848.13
58,177.60

22.5846
2,348.80
2,544.53
5,089.07
61,068.80

23.7154
2,466.40
2,671.93
5,343.87
64,126.40

24.9000
2,589.60
2,805.40
5,610.80
67,329.60

26.1462
2,719.20
2,945.80
5,891.60
70,699.20

27.4538
2,855.20
3,093.13
6,186.27
74,235.20

28.8308
2,998.40
3,248.27
6,496.53
77,958.40

30.2692
3,148.00
3,410.33
6,820.67
81,848.00

31.7846
3,305.60
3,581.07
7,162.13
85,945.60

33.3692
3,470.40
3,759.60
7,519.20
90,230.40

35.0385
3,644.00
3,947.67
7,895.33
94,744.00

Firefighter Rates

Page 1

CITY OF HUEYTOWN
FIREFIGHTER
RATES

Acknowledged on 3/26/2026

(Hourly Rate based on 2704 Annual Hours)

Effective 4/06/2026
Grade

STEP 1

STEP 2

STEP 3

STEP 4

STEP 5

STEP 6

STEP 7

STEP 8

STEP 9

STEP 10

PREM 1

PREM 2

PREM 3

23F

hourly
bi-weekly
semi-monthly
monthly
annually

20.4846
2,130.40
2,307.93
4,615.87
55,390.40

21.5154
2,237.60
2,424.07
4,848.13
58,177.60

22.5846
2,348.80
2,544.53
5,089.07
61,068.80

23.7154
2,466.40
2,671.93
5,343.87
64,126.40

24.9000
2,589.60
2,805.40
5,610.80
67,329.60

26.1462
2,719.20
2,945.80
5,891.60
70,699.20

27.4538
2,855.20
3,093.13
6,186.27
74,235.20

28.8308
2,998.40
3,248.27
6,496.53
77,958.40

30.2692
3,148.00
3,410.33
6,820.67
81,848.00

31.7846
3,305.60
3,581.07
7,162.13
85,945.60

33.3692
3,470.40
3,759.60
7,519.20
90,230.40

35.0385
3,644.00
3,947.67
7,895.33
94,744.00

36.7923
3,826.40
4,145.27
8,290.53
99,486.40

24F

hourly
bi-weekly
semi-monthly
monthly
annually

21.5154
2,237.60
2,424.07
4,848.13
58,177.60

22.5846
2,348.80
2,544.53
5,089.07
61,068.80

23.7154
2,466.40
2,671.93
5,343.87
64,126.40

24.9000
2,589.60
2,805.40
5,610.80
67,329.60

26.1462
2,719.20
2,945.80
5,891.60
70,699.20

27.4538
2,855.20
3,093.13
6,186.27
74,235.20

28.8308
2,998.40
3,248.27
6,496.53
77,958.40

30.2692
3,148.00
3,410.33
6,820.67
81,848.00

31.7846
3,305.60
3,581.07
7,162.13
85,945.60

33.3692
3,470.40
3,759.60
7,519.20
90,230.40

35.0385
3,644.00
3,947.67
7,895.33
94,744.00

36.7923
3,826.40
4,145.27
8,290.53
99,486.40

38.6308
4,017.60
4,352.40
8,704.80
104,457.60

25F

hourly
bi-weekly
semi-monthly
monthly
annually

22.5846
2,348.80
2,544.53
5,089.07
61,068.80

23.7154
2,466.40
2,671.93
5,343.87
64,126.40

24.9000
2,589.60
2,805.40
5,610.80
67,329.60

26.1462
2,719.20
2,945.80
5,891.60
70,699.20

27.4538
2,855.20
3,093.13
6,186.27
74,235.20

28.8308
2,998.40
3,248.27
6,496.53
77,958.40

30.2692
3,148.00
3,410.33
6,820.67
81,848.00

31.7846
3,305.60
3,581.07
7,162.13
85,945.60

33.3692
3,470.40
3,759.60
7,519.20
90,230.40

35.0385
3,644.00
3,947.67
7,895.33
94,744.00

36.7923
3,826.40
4,145.27
8,290.53
99,486.40

38.6308
4,017.60
4,352.40
8,704.80
104,457.60

40.5615
4,218.40
4,569.93
9,139.87
109,678.40

26F

hourly
bi-weekly
semi-monthly
monthly
annually

23.7154
2,466.40
2,671.93
5,343.87
64,126.40

24.9000
2,589.60
2,805.40
5,610.80
67,329.60

26.1462
2,719.20
2,945.80
5,891.60
70,699.20

27.4538
2,855.20
3,093.13
6,186.27
74,235.20

28.8308
2,998.40
3,248.27
6,496.53
77,958.40

30.2692
3,148.00
3,410.33
6,820.67
81,848.00

31.7846
3,305.60
3,581.07
7,162.13
85,945.60

33.3692
3,470.40
3,759.60
7,519.20
90,230.40

35.0385
3,644.00
3,947.67
7,895.33
94,744.00

36.7923
3,826.40
4,145.27
8,290.53
99,486.40

38.6308
4,017.60
4,352.40
8,704.80
104,457.60

40.5615
4,218.40
4,569.93
9,139.87
109,678.40

42.5923
4,429.60
4,798.73
9,597.47
115,169.60

27F

hourly
bi-weekly
semi-monthly
monthly
annually

24.9000
2,589.60
2,805.40
5,610.80
67,329.60

26.1462
2,719.20
2,945.80
5,891.60
70,699.20

27.4538
2,855.20
3,093.13
6,186.27
74,235.20

28.8308
2,998.40
3,248.27
6,496.53
77,958.40

30.2692
3,148.00
3,410.33
6,820.67
81,848.00

31.7846
3,305.60
3,581.07
7,162.13
85,945.60

33.3692
3,470.40
3,759.60
7,519.20
90,230.40

35.0385
3,644.00
3,947.67
7,895.33
94,744.00

36.7923
3,826.40
4,145.27
8,290.53
99,486.40

38.6308
4,017.60
4,352.40
8,704.80
104,457.60

40.5615
4,218.40
4,569.93
9,139.87
109,678.40

42.5923
4,429.60
4,798.73
9,597.47
115,169.60

44.7231
4,651.20
5,038.80
10,077.60
120,931.20

28F

hourly
bi-weekly
semi-monthly
monthly
annually

26.1462
2,719.20
2,945.80
5,891.60
70,699.20

27.4538
2,855.20
3,093.13
6,186.27
74,235.20

28.8308
2,998.40
3,248.27
6,496.53
77,958.40

30.2692
3,148.00
3,410.33
6,820.67
81,848.00

31.7846
3,305.60
3,581.07
7,162.13
85,945.60

33.3692
3,470.40
3,759.60
7,519.20
90,230.40

35.0385
3,644.00
3,947.67
7,895.33
94,744.00

36.7923
3,826.40
4,145.27
8,290.53
99,486.40

38.6308
4,017.60
4,352.40
8,704.80
104,457.60

40.5615
4,218.40
4,569.93
9,139.87
109,678.40

42.5923
4,429.60
4,798.73
9,597.47
115,169.60

44.7231
4,651.20
5,038.80
10,077.60
120,931.20

46.9615
4,884.00
5,291.00
10,582.00
126,984.00

Firefighter Rates

Page 2

CITY OF HUEYTOWN
FIREFIGHTER
RATES

Acknowledged on 3/26/2026

(Hourly Rate based on 2704 Annual Hours)

Effective 4/06/2026
Grade

STEP 1

STEP 2

STEP 3

STEP 4

STEP 5

STEP 6

STEP 7

STEP 8

STEP 9

STEP 10

PREM 1

PREM 2

PREM 3

29F

hourly
bi-weekly
semi-monthly
monthly
annually

27.4538
2,855.20
3,093.13
6,186.27
74,235.20

28.8308
2,998.40
3,248.27
6,496.53
77,958.40

30.2692
3,148.00
3,410.33
6,820.67
81,848.00

31.7846
3,305.60
3,581.07
7,162.13
85,945.60

33.3692
3,470.40
3,759.60
7,519.20
90,230.40

35.0385
3,644.00
3,947.67
7,895.33
94,744.00

36.7923
3,826.40
4,145.27
8,290.53
99,486.40

38.6308
4,017.60
4,352.40
8,704.80
104,457.60

40.5615
4,218.40
4,569.93
9,139.87
109,678.40

42.5923
4,429.60
4,798.73
9,597.47
115,169.60

44.7231
4,651.20
5,038.80
10,077.60
120,931.20

46.9615
4,884.00
5,291.00
10,582.00
126,984.00

49.3077
5,128.00
5,555.33
11,110.67
133,328.00

30F

hourly
bi-weekly
semi-monthly
monthly
annually

28.8308
2,998.40
3,248.27
6,496.53
77,958.40

30.2692
3,148.00
3,410.33
6,820.67
81,848.00

31.7846
3,305.60
3,581.07
7,162.13
85,945.60

33.3692
3,470.40
3,759.60
7,519.20
90,230.40

35.0385
3,644.00
3,947.67
7,895.33
94,744.00

36.7923
3,826.40
4,145.27
8,290.53
99,486.40

38.6308
4,017.60
4,352.40
8,704.80
104,457.60

40.5615
4,218.40
4,569.93
9,139.87
109,678.40

42.5923
4,429.60
4,798.73
9,597.47
115,169.60

44.7231
4,651.20
5,038.80
10,077.60
120,931.20

46.9615
4,884.00
5,291.00
10,582.00
126,984.00

49.3077
5,128.00
5,555.33
11,110.67
133,328.00

51.7692
5,384.00
5,832.67
11,665.33
139,984.00

31F

hourly
bi-weekly
semi-monthly
monthly
annually

30.2692
3,148.00
3,410.33
6,820.67
81,848.00

31.7846
3,305.60
3,581.07
7,162.13
85,945.60

33.3692
3,470.40
3,759.60
7,519.20
90,230.40

35.0385
3,644.00
3,947.67
7,895.33
94,744.00

36.7923
3,826.40
4,145.27
8,290.53
99,486.40

38.6308
4,017.60
4,352.40
8,704.80
104,457.60

40.5615
4,218.40
4,569.93
9,139.87
109,678.40

42.5923
4,429.60
4,798.73
9,597.47
115,169.60

44.7231
4,651.20
5,038.80
10,077.60
120,931.20

46.9615
4,884.00
5,291.00
10,582.00
126,984.00

49.3077
5,128.00
5,555.33
11,110.67
133,328.00

51.7692
5,384.00
5,832.67
11,665.33
139,984.00

54.3615
5,653.60
6,124.73
12,249.47
146,993.60

32F

hourly
bi-weekly
semi-monthly
monthly
annually

31.7846
3,305.60
3,581.07
7,162.13
85,945.60

33.3692
3,470.40
3,759.60
7,519.20
90,230.40

35.0385
3,644.00
3,947.67
7,895.33
94,744.00

36.7923
3,826.40
4,145.27
8,290.53
99,486.40

38.6308
4,017.60
4,352.40
8,704.80
104,457.60

40.5615
4,218.40
4,569.93
9,139.87
109,678.40

42.5923
4,429.60
4,798.73
9,597.47
115,169.60

44.7231
4,651.20
5,038.80
10,077.60
120,931.20

46.9615
4,884.00
5,291.00
10,582.00
126,984.00

49.3077
5,128.00
5,555.33
11,110.67
133,328.00

51.7692
5,384.00
5,832.67
11,665.33
139,984.00

54.3615
5,653.60
6,124.73
12,249.47
146,993.60

57.0769
5,936.00
6,430.67
12,861.33
154,336.00

33F

hourly
bi-weekly
semi-monthly
monthly
annually

33.3692
3,470.40
3,759.60
7,519.20
90,230.40

35.0385
3,644.00
3,947.67
7,895.33
94,744.00

36.7923
3,826.40
4,145.27
8,290.53
99,486.40

38.6308
4,017.60
4,352.40
8,704.80
104,457.60

40.5615
4,218.40
4,569.93
9,139.87
109,678.40

42.5923
4,429.60
4,798.73
9,597.47
115,169.60

44.7231
4,651.20
5,038.80
10,077.60
120,931.20

46.9615
4,884.00
5,291.00
10,582.00
126,984.00

49.3077
5,128.00
5,555.33
11,110.67
133,328.00

51.7692
5,384.00
5,832.67
11,665.33
139,984.00

54.3615
5,653.60
6,124.73
12,249.47
146,993.60

57.0769
5,936.00
6,430.67
12,861.33
154,336.00

59.9308
6,232.80
6,752.20
13,504.40
162,052.80

34F

hourly
bi-weekly
semi-monthly
monthly
annually

35.0385
3,644.00
3,947.67
7,895.33
94,744.00

36.7923
3,826.40
4,145.27
8,290.53
99,486.40

38.6308
4,017.60
4,352.40
8,704.80
104,457.60

40.5615
4,218.40
4,569.93
9,139.87
109,678.40

42.5923
4,429.60
4,798.73
9,597.47
115,169.60

44.7231
4,651.20
5,038.80
10,077.60
120,931.20

46.9615
4,884.00
5,291.00
10,582.00
126,984.00

49.3077
5,128.00
5,555.33
11,110.67
133,328.00

51.7692
5,384.00
5,832.67
11,665.33
139,984.00

54.3615
5,653.60
6,124.73
12,249.47
146,993.60

57.0769
5,936.00
6,430.67
12,861.33
154,336.00

59.9308
6,232.80
6,752.20
13,504.40
162,052.80

62.9308
6,544.80
7,090.20
14,180.40
170,164.80

Firefighter Rates

Page 3

CITY OF HUEYTOWN
FIREFIGHTER
RATES

Acknowledged on 3/26/2026

(Hourly Rate based on 2704 Annual Hours)

Effective 4/06/2026
Grade

STEP 1

STEP 2

STEP 3

STEP 4

STEP 5

STEP 6

STEP 7

STEP 8

STEP 9

STEP 10

PREM 1

PREM 2

PREM 3

35F

hourly
bi-weekly
semi-monthly
monthly
annually

36.7923
3,826.40
4,145.27
8,290.53
99,486.40

38.6308
4,017.60
4,352.40
8,704.80
104,457.60

40.5615
4,218.40
4,569.93
9,139.87
109,678.40

42.5923
4,429.60
4,798.73
9,597.47
115,169.60

44.7231
4,651.20
5,038.80
10,077.60
120,931.20

46.9615
4,884.00
5,291.00
10,582.00
126,984.00

49.3077
5,128.00
5,555.33
11,110.67
133,328.00

51.7692
5,384.00
5,832.67
11,665.33
139,984.00

54.3615
5,653.60
6,124.73
12,249.47
146,993.60

57.0769
5,936.00
6,430.67
12,861.33
154,336.00

59.9308
6,232.80
6,752.20
13,504.40
162,052.80

62.9308
6,544.80
7,090.20
14,180.40
170,164.80

66.0769
6,872.00
7,444.67
14,889.33
178,672.00

36F

hourly
bi-weekly
semi-monthly
monthly
annually

38.6308
4,017.60
4,352.40
8,704.80
104,457.60

40.5615
4,218.40
4,569.93
9,139.87
109,678.40

42.5923
4,429.60
4,798.73
9,597.47
115,169.60

44.7231
4,651.20
5,038.80
10,077.60
120,931.20

46.9615
4,884.00
5,291.00
10,582.00
126,984.00

49.3077
5,128.00
5,555.33
11,110.67
133,328.00

51.7692
5,384.00
5,832.67
11,665.33
139,984.00

54.3615
5,653.60
6,124.73
12,249.47
146,993.60

57.0769
5,936.00
6,430.67
12,861.33
154,336.00

59.9308
6,232.80
6,752.20
13,504.40
162,052.80

62.9308
6,544.80
7,090.20
14,180.40
170,164.80

66.0769
6,872.00
7,444.67
14,889.33
178,672.00

69.3769
7,215.20
7,816.47
15,632.93
187,595.20

37F

hourly
bi-weekly
semi-monthly
monthly
annually

40.5615
4,218.40
4,569.93
9,139.87
109,678.40

42.5923
4,429.60
4,798.73
9,597.47
115,169.60

44.7231
4,651.20
5,038.80
10,077.60
120,931.20

46.9615
4,884.00
5,291.00
10,582.00
126,984.00

49.3077
5,128.00
5,555.33
11,110.67
133,328.00

51.7692
5,384.00
5,832.67
11,665.33
139,984.00

54.3615
5,653.60
6,124.73
12,249.47
146,993.60

57.0769
5,936.00
6,430.67
12,861.33
154,336.00

59.9308
6,232.80
6,752.20
13,504.40
162,052.80

62.9308
6,544.80
7,090.20
14,180.40
170,164.80

66.0769
6,872.00
7,444.67
14,889.33
178,672.00

69.3769
7,215.20
7,816.47
15,632.93
187,595.20

72.8462
7,576.00
8,207.33
16,414.67
196,976.00

38F

hourly
bi-weekly
semi-monthly
monthly
annually

42.5923
4,429.60
4,798.73
9,597.47
115,169.60

44.7231
4,651.20
5,038.80
10,077.60
120,931.20

46.9615
4,884.00
5,291.00
10,582.00
126,984.00

49.3077
5,128.00
5,555.33
11,110.67
133,328.00

51.7692
5,384.00
5,832.67
11,665.33
139,984.00

54.3615
5,653.60
6,124.73
12,249.47
146,993.60

57.0769
5,936.00
6,430.67
12,861.33
154,336.00

59.9308
6,232.80
6,752.20
13,504.40
162,052.80

62.9308
6,544.80
7,090.20
14,180.40
170,164.80

66.0769
6,872.00
7,444.67
14,889.33
178,672.00

69.3769
7,215.20
7,816.47
15,632.93
187,595.20

72.8462
7,576.00
8,207.33
16,414.67
196,976.00

76.4923
7,955.20
8,618.13
17,236.27
206,835.20

39F

hourly
bi-weekly
semi-monthly
monthly
annually

44.7231
4,651.20
5,038.80
10,077.60
120,931.20

46.9615
4,884.00
5,291.00
10,582.00
126,984.00

49.3077
5,128.00
5,555.33
11,110.67
133,328.00

51.7692
5,384.00
5,832.67
11,665.33
139,984.00

54.3615
5,653.60
6,124.73
12,249.47
146,993.60

57.0769
5,936.00
6,430.67
12,861.33
154,336.00

59.9308
6,232.80
6,752.20
13,504.40
162,052.80

62.9308
6,544.80
7,090.20
14,180.40
170,164.80

66.0769
6,872.00
7,444.67
14,889.33
178,672.00

69.3769
7,215.20
7,816.47
15,632.93
187,595.20

72.8462
7,576.00
8,207.33
16,414.67
196,976.00

76.4923
7,955.20
8,618.13
17,236.27
206,835.20

80.3154
8,352.80
9,048.87
18,097.73
217,172.80

40F

hourly
bi-weekly
semi-monthly
monthly
annually

46.9615
4,884.00
5,291.00
10,582.00
126,984.00

49.3077
5,128.00
5,555.33
11,110.67
133,328.00

51.7692
5,384.00
5,832.67
11,665.33
139,984.00

54.3615
5,653.60
6,124.73
12,249.47
146,993.60

57.0769
5,936.00
6,430.67
12,861.33
154,336.00

59.9308
6,232.80
6,752.20
13,504.40
162,052.80

62.9308
6,544.80
7,090.20
14,180.40
170,164.80

66.0769
6,872.00
7,444.67
14,889.33
178,672.00

69.3769
7,215.20
7,816.47
15,632.93
187,595.20

72.8462
7,576.00
8,207.33
16,414.67
196,976.00

76.4923
7,955.20
8,618.13
17,236.27
206,835.20

80.3154
8,352.80
9,048.87
18,097.73
217,172.80

84.3308
8,770.40
9,501.27
19,002.53
228,030.40

Firefighter Rates

Page 4

CITY OF HUEYTOWN
FIREFIGHTER
RATES

Acknowledged on 3/26/2026

(Hourly Rate based on 2704 Annual Hours)

Effective 4/06/2026
Grade

STEP 1

STEP 2

STEP 3

STEP 4

STEP 5

STEP 6

STEP 7

STEP 8

STEP 9

STEP 10

PREM 1

PREM 2

PREM 3

41F

hourly
bi-weekly
semi-monthly
monthly
annually

49.3077
5,128.00
5,555.33
11,110.67
133,328.00

51.7692
5,384.00
5,832.67
11,665.33
139,984.00

54.3615
5,653.60
6,124.73
12,249.47
146,993.60

57.0769
5,936.00
6,430.67
12,861.33
154,336.00

59.9308
6,232.80
6,752.20
13,504.40
162,052.80

62.9308
6,544.80
7,090.20
14,180.40
170,164.80

66.0769
6,872.00
7,444.67
14,889.33
178,672.00

69.3769
7,215.20
7,816.47
15,632.93
187,595.20

72.8462
7,576.00
8,207.33
16,414.67
196,976.00

76.4923
7,955.20
8,618.13
17,236.27
206,835.20

80.3154
8,352.80
9,048.87
18,097.73
217,172.80

84.3308
8,770.40
9,501.27
19,002.53
228,030.40

88.5462
9,208.80
9,976.20
19,952.40
239,428.80

42F

hourly
bi-weekly
semi-monthly
monthly
annually

51.7692
5,384.00
5,832.67
11,665.33
139,984.00

54.3615
5,653.60
6,124.73
12,249.47
146,993.60

57.0769
5,936.00
6,430.67
12,861.33
154,336.00

59.9308
6,232.80
6,752.20
13,504.40
162,052.80

62.9308
6,544.80
7,090.20
14,180.40
170,164.80

66.0769
6,872.00
7,444.67
14,889.33
178,672.00

69.3769
7,215.20
7,816.47
15,632.93
187,595.20

72.8462
7,576.00
8,207.33
16,414.67
196,976.00

76.4923
7,955.20
8,618.13
17,236.27
206,835.20

80.3154
8,352.80
9,048.87
18,097.73
217,172.80

84.3308
8,770.40
9,501.27
19,002.53
228,030.40

88.5462
9,208.80
9,976.20
19,952.40
239,428.80

92.9769
9,669.60
10,475.40
20,950.80
251,409.60

43F

hourly
bi-weekly
semi-monthly
monthly
annually

54.3615
5,653.60
6,124.73
12,249.47
146,993.60

57.0769
5,936.00
6,430.67
12,861.33
154,336.00

59.9308
6,232.80
6,752.20
13,504.40
162,052.80

62.9308
6,544.80
7,090.20
14,180.40
170,164.80

66.0769
6,872.00
7,444.67
14,889.33
178,672.00

69.3769
7,215.20
7,816.47
15,632.93
187,595.20

72.8462
7,576.00
8,207.33
16,414.67
196,976.00

76.4923
7,955.20
8,618.13
17,236.27
206,835.20

80.3154
8,352.80
9,048.87
18,097.73
217,172.80

84.3308
8,770.40
9,501.27
19,002.53
228,030.40

88.5462
9,208.80
9,976.20
19,952.40
239,428.80

92.9769
9,669.60
10,475.40
20,950.80
251,409.60

97.6231
10,152.80
10,998.87
21,997.73
263,972.80

44F

hourly
bi-weekly
semi-monthly
monthly
annually

57.0769
5,936.00
6,430.67
12,861.33
154,336.00

59.9308
6,232.80
6,752.20
13,504.40
162,052.80

62.9308
6,544.80
7,090.20
14,180.40
170,164.80

66.0769
6,872.00
7,444.67
14,889.33
178,672.00

69.3769
7,215.20
7,816.47
15,632.93
187,595.20

72.8462
7,576.00
8,207.33
16,414.67
196,976.00

76.4923
7,955.20
8,618.13
17,236.27
206,835.20

80.3154
8,352.80
9,048.87
18,097.73
217,172.80

84.3308
8,770.40
9,501.27
19,002.53
228,030.40

88.5462
9,208.80
9,976.20
19,952.40
239,428.80

92.9769
9,669.60
10,475.40
20,950.80
251,409.60

97.6231
10,152.80
10,998.87
21,997.73
263,972.80

102.5077
10,660.80
11,549.20
23,098.40
277,180.80

45F

hourly
bi-weekly
semi-monthly
monthly
annually

59.9308
6,232.80
6,752.20
13,504.40
162,052.80

62.9308
6,544.80
7,090.20
14,180.40
170,164.80

66.0769
6,872.00
7,444.67
14,889.33
178,672.00

69.3769
7,215.20
7,816.47
15,632.93
187,595.20

72.8462
7,576.00
8,207.33
16,414.67
196,976.00

76.4923
7,955.20
8,618.13
17,236.27
206,835.20

80.3154
8,352.80
9,048.87
18,097.73
217,172.80

84.3308
8,770.40
9,501.27
19,002.53
228,030.40

88.5462
9,208.80
9,976.20
19,952.40
239,428.80

92.9769
9,669.60
10,475.40
20,950.80
251,409.60

97.6231
10,152.80
10,998.87
21,997.73
263,972.80

102.5077
10,660.80
11,549.20
23,098.40
277,180.80

107.6308
11,193.60
12,126.40
24,252.80
291,033.60

Firefighter Rates

Page 5
