City of California City
Salary Schedule
2023-2024
Class

Title

Misc

Account Clerk I

Misc

Misc

Misc

Account Clerk II

Account Clerk III

Administrative Clerk

Range

Step

Hourly

Bi-Weekly

19

1

17.44

1395.20

3022.93

2

18.31

1464.96

3174.08

3

19.23

1538.21

3332.78

4

20.19

1615.12

3499.42

5

21.20

1695.87

3674.39

6

22.26

1780.67

3858.11

7

23.37

1869.70

4051.02

8

24.54

1963.19

4253.57

9

25.77

2061.35

4466.25

1

22.28

1782.40

3861.87

2

23.39

1871.52

4054.96

3

24.56

1965.10

4257.71

4

25.79

2063.35

4470.59

5

27.08

2166.52

4694.12

6

28.44

2274.84

4928.83

7

29.86

2388.59

5175.27

8

31.35

2508.02

5434.03

9

32.92

2633.42

5705.74

1

24.56

1964.80

4257.07

2

25.79

2063.04

4469.92

3

27.08

2166.19

4693.42

4

28.43

2274.50

4928.09

5

29.85

2388.23

5174.49

6

31.34

2507.20

5432.27

7

32.91

2632.56

5703.88

8

34.56

2764.80

5990.40

9

36.29

2903.04

6289.92

29

33

19

Monthly

1

17.44

1395.20

3022.93

2

18.31

1464.96

3174.08

3

19.23

1538.21

3332.78

4

20.19

1615.12

3499.42

5

21.20

1695.87

3674.39

6

22.26

1780.67

3858.11

7

23.37

1869.70

4051.02

8

24.54

1963.19

4253.57

9

25.77

2061.35

4466.25

Updated May 2024

City of California City
Salary Schedule
2023-2024
Class

Title

Misc

Administrative Secretary

Misc

Misc

Misc

Airport Maint/OP Specialist

Airport Manager

Building Inspector

Range

Step

Hourly

Bi-Weekly

52

1

24.28

1942.40

4208.53

2

25.49

2039.52

4418.96

3

26.77

2141.50

4639.91

4

28.11

2248.57

4871.90

5

29.51

2361.00

5115.50

6

30.99

2479.05

5371.27

7

32.54

2603.00

5639.84

8

34.16

2733.15

5921.83

9

35.87

2869.81

6217.92

1

19.26

1540.80

3338.40

2

20.22

1617.84

3505.32

3

21.23

1698.73

3680.59

4

22.30

1783.67

3864.62

5

23.41

1872.85

4057.85

6

24.58

1966.49

4260.74

7

25.81

2064.82

4473.78

8

27.10

2168.06

4697.46

9

28.46

2276.46

4932.34

1

26.39

2111.20

4574.27

2

27.71

2216.76

4802.98

3

29.09

2327.60

5043.13

4

30.55

2443.98

5295.29

5

32.08

2566.18

5560.05

6

33.68

2694.49

5838.05

7

35.37

2829.21

6129.95

8

37.13

2970.67

6436.45

9

38.99

3119.20

6758.28

23

36

33

Monthly

1

24.56

1964.80

4257.07

2

25.79

2063.04

4469.92

3

27.08

2166.19

4693.42

4

28.43

2274.50

4928.09

5

29.85

2388.23

5174.49

6

31.35

2507.64

5433.22

7

32.91

2633.02

5704.88

8

34.56

2764.67

5990.12

9

36.29

2902.90

6289.63

Updated May 2024

City of California City
Salary Schedule
2023-2024
Class

Title

Misc

Clerk Typist

Misc

Misc

Misc

Cross Connection Specialist

Data Processing/Analyst

Deputy City Clerk

Range

Step

Hourly

Bi-Weekly

15

1

0.00

0.00

0.00

2

0.00

0.00

0.00

3

0.00

0.00

0.00

4

16.70

1336.00

2894.67

5

17.54

1402.80

3039.40

6

18.41

1472.94

3191.37

7

19.33

1546.59

3350.94

8

20.30

1623.92

3518.49

9

21.31

1705.11

3694.41

1

32.09

2567.20

5562.27

2

33.69

2695.56

5840.38

3

35.38

2830.34

6132.40

4

37.15

2971.85

6439.02

5

39.01

3120.45

6760.97

6

40.96

3276.47

7099.02

7

43.00

3440.29

7453.97

8

45.15

3612.31

7826.67

9

47.41

3792.92

8218.00

1

24.56

1964.80

4257.07

2

25.79

2063.04

4469.92

3

27.08

2166.19

4693.42

4

28.43

2274.50

4928.09

5

29.85

2388.23

5174.49

6

31.35

2507.64

5433.22

7

32.91

2633.02

5704.88

8

34.56

2764.67

5990.12

9

36.29

2902.90

6289.63

55

33

52

Monthly

1

24.56

1964.80

4257.07

2

25.79

2063.04

4469.92

3

27.08

2166.19

4693.42

4

28.43

2274.50

4928.09

5

29.85

2388.23

5174.49

6

31.35

2507.64

5433.22

7

32.91

2633.02

5704.88

8

34.56

2764.67

5990.12

9

36.29

2902.90

6289.63

Updated May 2024

City of California City
Salary Schedule
2023-2024
Class

Title

Misc

Dial-A-Ride Driver/Dispatcher

Misc

Misc

Misc

Distribution Operator II

Facilities Maintenance Supervisor

Garage Superintendent

Range

Step

Hourly

Bi-Weekly

19

1

17.44

1395.20

3022.93

2

18.31

1464.96

3174.08

3

19.23

1538.21

3332.78

4

20.19

1615.12

3499.42

5

21.20

1695.87

3674.39

6

22.26

1780.67

3858.11

7

23.37

1869.70

4051.02

8

24.54

1963.19

4253.57

9

25.77

2061.35

4466.25

1

24.56

1964.80

4257.07

2

25.79

2063.04

4469.92

3

27.08

2166.19

4693.42

4

28.43

2274.50

4928.09

5

29.85

2388.23

5174.49

6

31.35

2507.64

5433.22

7

32.91

2633.02

5704.88

8

34.56

2764.67

5990.12

9

36.29

2902.90

6289.63

1

32.09

2567.20

5562.27

2

33.69

2695.56

5840.38

3

35.38

2830.34

6132.40

4

37.15

2971.85

6439.02

5

39.01

3120.45

6760.97

6

40.96

3276.47

7099.02

7

43.00

3440.29

7453.97

8

45.15

3612.31

7826.67

9

47.41

3792.92

8218.00

33

55

35

Monthly

1

32.09

2567.20

5562.27

2

33.69

2695.56

5840.38

3

35.38

2830.34

6132.40

4

37.15

2971.85

6439.02

5

39.01

3120.45

6760.97

6

40.96

3276.47

7099.02

7

43.00

3440.29

7453.97

8

45.15

3612.31

7826.67

9

47.41

3792.92

8218.00

Updated May 2024

City of California City
Salary Schedule
2023-2024
Class

Title

Misc

General Service Worker

Misc

Misc

Misc

Gen Serv Wkr/Park Aide

Heavy Equipment Mech. I

Heavy Equipment Mech II

Range

Step

Hourly

14

1

0.00

0.00

0.00

2

0.00

0.00

0.00

3

0.00

0.00

0.00

4

0.00

0.00

0.00

5

17.12

1369.60

2967.47

6

17.98

1438.08

3115.84

7

18.87

1509.98

3271.63

8

19.82

1585.48

3435.21

9

20.81

1664.76

3606.97

1

0.00

0.00

0.00

2

0.00

0.00

0.00

3

0.00

0.00

0.00

4

0.00

0.00

0.00

5

17.12

1369.60

2967.47

6

17.98

1438.08

3115.84

7

18.87

1509.98

3271.63

8

19.82

1585.48

3435.21

9

20.81

1664.76

3606.97

1

22.28

1782.40

3861.87

2

23.39

1871.52

4054.96

3

24.56

1965.10

4257.71

4

25.79

2063.35

4470.59

5

27.08

2166.52

4694.12

6

28.44

2274.84

4928.83

7

29.86

2388.59

5175.27

8

31.35

2508.02

5434.03

9

32.92

2633.42

5705.74

1

24.56

1964.80

4257.07

2

25.79

2063.04

4469.92

3

27.08

2166.19

4693.42

4

28.43

2274.50

4928.09

5

29.85

2388.23

5174.49

6

31.35

2507.64

5433.22

7

32.91

2633.02

5704.88

8

34.56

2764.67

5990.12

9

36.29

2902.90

6289.63

14

29

33

Bi-Weekly

Monthly

Updated May 2024

City of California City
Salary Schedule
2023-2024
Class

Title

Misc

Heavy Equipment Operator I

Misc

Misc

Misc

Heavy Equipment Operator II

Janitor Administator

Lead Dial-A-Ride Driver/Disp.

Range

Step

Hourly

Bi-Weekly

27

1

21.22

1697.60

3678.13

2

22.28

1782.48

3862.04

3

23.40

1871.60

4055.14

4

24.56

1965.18

4257.90

5

25.79

2063.44

4470.79

6

27.08

2166.62

4694.33

7

28.44

2274.95

4929.05

8

29.86

2388.69

5175.50

9

31.35

2508.13

5434.28

1

23.37

1869.60

4050.80

2

24.54

1963.08

4253.34

3

25.77

2061.23

4466.01

4

27.05

2164.30

4689.31

5

28.41

2272.51

4923.77

6

29.83

2386.14

5169.96

7

31.32

2505.44

5428.46

8

32.88

2630.71

5699.88

9

34.53

2762.25

5984.88

31

18

30

Monthly

1

0.00

0.00

0.00

2

17.05

1364.00

2955.33

3

17.90

1432.20

3103.10

4

18.80

1503.81

3258.26

5

19.74

1579.00

3421.17

6

20.72

1657.95

3592.23

7

21.76

1740.85

3771.84

8

22.85

1827.89

3960.43

9

23.99

1919.28

4158.45

1

22.85

1828.00

3960.67

2

23.99

1919.40

4158.70

3

25.19

2015.37

4366.64

4

26.45

2116.14

4584.97

5

27.77

2221.95

4814.22

6

29.16

2333.04

5054.93

7

30.62

2449.69

5307.67

8

32.15

2572.18

5573.06

9

33.76

2700.79

5851.71

Updated May 2024

City of California City
Salary Schedule
2023-2024
Class

Title

Misc

Maintenance Worker I

Misc

Misc

Misc

Maintenance Worker II

OHV Clerk

Operator in Training Pumping

Range

Step

Hourly

Bi-Weekly

23

1

19.26

1540.80

3338.40

2

20.22

1617.84

3505.32

3

21.23

1698.73

3680.59

4

22.30

1783.67

3864.62

5

23.41

1872.85

4057.85

6

24.58

1966.49

4260.74

7

25.81

2064.82

4473.78

8

27.10

2168.06

4697.46

9

28.46

2276.46

4932.34

1

21.22

1697.60

3678.13

2

22.28

1782.48

3862.04

3

23.40

1871.60

4055.14

4

24.56

1965.18

4257.90

5

25.79

2063.44

4470.79

6

27.08

2166.62

4694.33

7

28.44

2274.95

4929.05

8

29.86

2388.69

5175.50

9

31.35

2508.13

5434.28

1

0.00

0.00

0.00

2

0.00

0.00

0.00

3

17.12

1369.60

2967.47

4

17.98

1941.41

3115.84

5

18.87

2038.48

3271.63

6

19.82

2140.40

3435.21

7

20.81

2247.42

3606.97

8

21.85

2359.79

3787.32

9

22.94

2477.78

3976.69

27

19

23

Monthly

1

19.26

1540.80

3338.40

2

20.22

1617.84

3505.32

3

21.23

1698.73

3680.59

4

22.30

1783.67

3864.62

5

23.41

1872.85

4057.85

6

24.58

1966.49

4260.74

7

25.81

2064.82

4473.78

8

27.10

2168.06

4697.46

9

28.46

2276.46

4932.34

Updated May 2024

City of California City
Salary Schedule
2023-2024
Class

Title

Misc

Operator in Training Water

Misc

Misc

Misc

Operator in Training WWTP

Pumping Operator II

Pumping Operator III

Range

Step

Hourly

Bi-Weekly

23

1

19.26

1540.80

3338.40

2

20.22

1617.84

3505.32

3

21.23

1698.73

3680.59

4

22.30

1783.67

3864.62

5

23.41

1872.85

4057.85

6

24.58

1966.49

4260.74

7

25.81

2064.82

4473.78

8

27.10

2168.06

4697.46

9

28.46

2276.46

4932.34

1

19.26

1540.80

3338.40

2

20.22

1617.84

3505.32

3

21.23

1698.73

3680.59

4

22.30

1783.67

3864.62

5

23.41

1872.85

4057.85

6

24.58

1966.49

4260.74

7

25.81

2064.82

4473.78

8

27.10

2168.06

4697.46

9

28.46

2276.46

4932.34

1

24.56

1964.80

4257.07

2

25.79

2063.04

4469.92

3

27.08

2166.19

4693.42

4

28.43

2274.50

4928.09

5

29.85

2388.23

5174.49

6

31.35

2507.64

5433.22

7

32.91

2633.02

5704.88

8

34.56

2764.67

5990.12

9

36.29

2902.90

6289.63

23

33

55

Monthly

1

32.07

2565.60

5558.80

2

33.67

2693.88

5836.74

3

35.36

2828.57

6128.58

4

37.13

2970.00

6435.01

5

38.98

3118.50

6756.76

6

40.93

3274.43

7094.59

7

42.98

3438.15

7449.32

8

45.13

3610.06

7821.79

9

47.38

3790.56

8212.88

Updated May 2024

City of California City
Salary Schedule
2023-2024
Class

Title

Misc

Receptionist

Misc

Misc

Misc

Recreation Assistant

Secretary

Senior Bldg Maint Worker

Range

Step

Hourly

Bi-Weekly

33

1

22.28

1782.40

3861.87

2

23.39

1871.52

4054.96

3

24.56

1965.10

4257.71

4

25.79

2063.35

4470.59

5

27.08

2166.52

4694.12

6

28.44

2274.84

4928.83

7

29.86

2388.59

5175.27

8

31.35

2508.02

5434.03

9

32.92

2633.42

5705.74

1

16.61

1328.80

2879.07

2

17.44

1395.24

3023.02

3

18.31

1465.00

3174.17

4

19.23

1538.25

3332.88

5

20.19

1615.16

3499.52

6

21.20

1695.92

3674.50

7

22.26

1780.72

3858.22

8

23.37

1869.76

4051.14

9

24.54

1963.24

4253.69

1

22.84

1827.20

3958.93

2

23.98

1918.56

4156.88

3

25.18

2014.49

4364.72

4

26.44

2115.21

4582.96

5

27.76

2220.97

4812.11

6

29.15

2332.02

5052.71

7

30.61

2448.62

5305.35

8

32.14

2571.05

5570.62

9

33.75

2699.61

5849.15

17

30

33

Monthly

1

24.56

1964.80

4257.07

2

25.79

2063.04

4469.92

3

27.08

2166.19

4693.42

4

28.43

2274.50

4928.09

5

29.85

2388.23

5174.49

6

31.35

2507.64

5433.22

7

32.91

2633.02

5704.88

8

34.56

2764.67

5990.12

9

36.29

2902.90

6289.63

Updated May 2024

City of California City
Salary Schedule
2023-2024
Class

Title

Misc

Senior Clerk Typist

Misc

Misc

Misc

Streets Lead

Utility Billing Supervisor

Distribution Operator II

Range

Step

Hourly

Bi-Weekly

19

1

17.44

1395.20

3022.93

2

18.31

1464.96

3174.08

3

19.23

1538.21

3332.78

4

20.19

1615.12

3499.42

5

21.20

1695.87

3674.39

6

22.26

1780.67

3858.11

7

23.37

1869.70

4051.02

8

24.54

1963.19

4253.57

9

25.77

2061.35

4466.25

1

32.09

2567.20

5562.27

2

33.69

2695.56

5840.38

3

35.38

2830.34

6132.40

4

37.15

2971.85

6439.02

5

39.01

3120.45

6760.97

6

40.96

3276.47

7099.02

7

43.00

3440.29

7453.97

8

45.15

3612.31

7826.67

9

47.41

3792.92

8218.00

1

27.07

2165.60

4692.13

2

28.42

2273.88

4926.74

3

29.84

2387.57

5173.08

4

31.34

2506.95

5431.73

5

32.90

2632.30

5703.32

6

34.55

2763.92

5988.48

7

36.28

2902.11

6287.91

8

38.09

3047.22

6602.30

9

39.99

3199.58

6932.42

1

24.56

1964.80

4257.07

2

25.79

2063.04

4469.92

3

27.08

2166.19

4693.42

4

28.43

2274.50

4928.09

5

29.85

2388.23

5174.49

6

31.35

2507.64

5433.22

7

32.91

2633.02

5704.88

8

34.56

2764.67

5990.12

9

36.29

2902.90

6289.63

55

53

33

Monthly

Updated May 2024

City of California City
Salary Schedule
2023-2024
Class

Title

Misc

Water Operator Lead

Misc

Misc

Misc

WWTP Operator II

WWTP Operator III

WWTP Chief Plant Operator

Range

Step

Hourly

Bi-Weekly

54

1

30.46

2436.80

5279.73

2

31.98

2558.64

5543.72

3

33.58

2686.57

5820.91

4

35.26

2820.90

6111.95

5

37.02

2961.95

6417.55

6

38.88

3110.04

6738.43

7

40.82

3265.55

7075.35

8

42.86

3428.82

7429.12

9

45.00

3600.26

7800.57

1

24.56

1964.80

4257.07

2

25.79

2063.04

4469.92

3

27.08

2166.19

4693.42

4

28.43

2274.50

4928.09

5

29.85

2388.23

5174.49

6

31.35

2507.64

5433.22

7

32.91

2633.02

5704.88

8

34.56

2764.67

5990.12

9

36.29

2902.90

6289.63

1

32.09

2567.20

5562.27

2

33.69

2695.56

5840.38

3

35.38

2830.34

6132.40

4

37.15

2971.85

6439.02

5

39.01

3120.45

6760.97

6

40.96

3276.47

7099.02

7

43.00

3440.29

7453.97

8

45.15

3612.31

7826.67

9

47.41

3792.92

8218.00

1

36.95

2956.00

6404.67

2

38.80

3103.80

6724.90

3

40.74

3258.99

7061.15

33

55

38

Monthly

4

42.77

3421.94

7414.20

5

44.91

3593.04

7784.91

6

47.16

3772.69

8174.16

7

49.52

3961.32

8582.87

8

51.99

4159.39

9012.01

9

54.59

4367.36

9462.61

Updated May 2024

City of California City
Salary Schedule
2023-2024
Class

Title

Police Dept Animal Control Officer

Police Dept Animal Control Supervisor

Police Dept Corrections Officer/Jailer

Police Dept Code Enforcement Officer

Range

Step

Hourly

Bi-Weekly

23

1

19.05

1524.00

3302.00

2

20.00

1600.20

3467.10

3

21.00

1680.21

3640.46

4

22.05

1764.22

3822.48

5

23.16

1852.43

4013.60

6

24.31

1945.05

4214.28

7

25.53

2042.31

4425.00

8

26.81

2144.42

4646.25

9

28.15

2251.64

4878.56

1

24.29

1943.20

4210.27

2

25.50

2040.36

4420.78

3

26.78

2142.38

4641.82

4

28.12

2249.50

4873.91

5

29.52

2361.97

5117.61

6

31.00

2480.07

5373.49

7

32.55

2604.07

5642.16

8

34.18

2734.28

5924.27

9

35.89

2870.99

6220.48

1

24.59

1967.20

4262.27

2

25.82

2065.56

4475.38

3

27.11

2168.84

4699.15

4

28.47

2277.28

4934.11

5

29.89

2391.14

5180.81

6

31.38

2510.70

5439.85

7

32.95

2636.24

5711.84

8

34.60

2768.05

5997.44

9

36.33

2906.45

6297.31

1

24.90

1992.00

4316.00

2

26.15

2091.60

4531.80

3

27.45

2196.18

4758.39

4

28.82

2305.99

4996.31

5

30.27

2421.29

5246.12

6

31.78

2542.35

5508.43

7

33.37

2669.47

5783.85

8

35.04

2802.94

6073.05

9

36.79

2943.09

6376.70

33

28

34

Monthly

Updated May 2024

City of California City
Salary Schedule
2023-2024
Class

Title

Police Dept CSO

Police Dept CSO Officer II

Police Dept Police Admin Aide

Police Dept Police Clerk/Dispatcher

Range

Step

Hourly

Bi-Weekly

19

1

17.28

1382.40

2995.20

2

18.15

1452.00

3146.00

3

19.06

1524.60

3303.30

4

20.01

1600.83

3468.47

5

21.01

1680.87

3641.89

6

22.06

1764.92

3823.98

7

23.16

1853.16

4015.18

8

24.32

1945.82

4215.94

9

25.54

2043.11

4426.74

1

22.55

1804.00

3908.67

2

23.68

1894.20

4104.10

3

24.86

1988.91

4309.31

4

26.10

2088.36

4524.77

5

27.41

2192.77

4751.01

6

28.78

2302.41

4988.56

7

30.22

2417.53

5237.99

8

31.73

2538.41

5499.89

9

33.32

2665.33

5774.88

1

16.28

1302.40

2821.87

2

17.09

1367.52

2962.96

3

17.95

1435.90

3111.11

4

18.85

1507.69

3266.66

5

19.79

1583.08

3430.00

6

20.78

1662.23

3601.50

7

21.82

1745.34

3781.57

8

22.91

1832.61

3970.65

9

24.05

1924.24

4169.18

1

22.85

1828.00

3960.67

2

23.99

1919.40

4158.70

3

25.19

2015.37

4366.64

4

26.45

2116.14

4584.97

5

27.77

2221.95

4814.22

6

29.16

2333.04

5054.93

7

30.62

2449.69

5307.67

8

32.15

2572.18

5573.06

9

33.76

2700.79

5851.71

28

15

23

Monthly

Updated May 2024

City of California City
Salary Schedule
2023-2024
Class

Title

Police Dept Police Corporal/Police Officer II

Police Dept Police Lieutenant

Police Dept Police Officer

Police Dept Police Officer Trainee

Range

Step

Hourly

Bi-Weekly

85

1

32.43

2594.40

5621.20

2

34.05

2724.12

5902.26

3

35.75

2860.33

6197.37

4

37.54

3003.34

6507.24

5

39.42

3153.51

6832.60

6

41.39

3311.18

7174.23

7

43.46

3476.74

7532.95

8

45.63

3650.58

7909.59

9

47.91

3833.11

8305.07

1

44.86

3588.80

7775.73

2

47.10

3768.24

8164.52

3

49.46

3956.65

8572.75

4

51.93

4154.48

9001.38

5

54.53

4362.21

9451.45

6

57.25

4580.32

9924.03

7

60.12

4809.34

10420.23

8

63.12

5049.80

10941.24

9

66.28

5302.29

11488.30

1

31.27

2501.60

5420.13

2

32.83

2626.68

5691.14

3

34.48

2758.01

5975.70

4

36.20

2895.91

6274.48

5

38.01

3040.71

6588.21

6

39.91

3192.75

6917.62

7

41.90

3352.38

7263.50

8

44.00

3520.00

7626.67

9

46.20

3696.00

8008.01

1

25.93

2074.40

4494.53

2

27.23

2178.12

4719.26

3

28.59

2287.03

4955.22

4

30.02

2401.38

5202.98

5

31.52

2521.45

5463.13

6

33.09

2647.52

5736.29

7

34.75

2779.89

6023.10

8

36.49

2918.89

6324.26

9

38.31

3064.83

6640.47

76

74

74

Monthly

Updated May 2024

City of California City
Salary Schedule
2023-2024
Class

Title

Range

Step

Hourly

Bi-Weekly

Police Dept Police Sergeant

75

1

37.98

3038.40

6583.20

2

39.88

3190.32

6912.36

3

41.87

3349.84

7257.98

4

43.97

3517.33

7620.88

5

46.16

3693.19

8001.92

6

48.47

3877.85

8402.02

7

50.90

4071.75

8822.12

8

53.44

4275.33

9263.22

9

56.11

4489.10

9726.38

1

34.42

2753.60

5966.13

2

36.14

2891.28

6264.44

3

37.95

3035.84

6577.66

4

39.85

3187.64

6906.55

5

41.84

3347.02

7251.87

6

43.93

3514.37

7614.47

7

46.13

3690.09

7995.19

8

48.43

3874.59

8394.95

9

50.85

4068.32

8814.70

1

17.28

1382.40

2995.20

2

18.14

1451.20

3144.27

3

19.05

1523.76

3301.48

4

20.00

1599.95

3466.55

5

21.00

1679.95

3639.88

Police Dept Police Special Investigator

Police Dept Records Clerk

77

19

6

Monthly

7

22.05

1763.94

3821.88

23.15

1852.14

4012.97

8

24.31

1944.75

4213.62

9

25.52

2041.98

4424.30

Updated May 2024

City of California City
Salary Schedule
2023-2024
Class

Title

Fire

Deputy Fire Marshal

Fire

Fire

Fire

Fire Fighter/ Paramedic

Fire Apparatus Engineer

Fire Captain

Range

Step

Hourly

Bi-Weekly

83

1

31.86

3568.32

7731.36

2

33.45

3746.40

8117.93

3

35.12

3933.44

8523.82

4

36.88

4130.11

8950.02

5

38.72

4336.62

9397.52

6

40.66

4553.45

9867.39

7

42.69

4781.12

10360.76

8

44.82

5020.18

10878.80

9

47.06

5271.19

11422.74

1

23.43

2624.16

5685.68

2

24.60

2755.20

5969.96

3

25.83

2892.96

6268.46

4

27.12

3037.61

6581.89

5

28.48

3189.49

6910.98

6

29.90

3348.96

7256.53

7

31.40

3516.41

7619.35

8

32.97

3692.23

8000.32

9

34.61

3876.84

8400.34

1

25.71

2879.52

6238.96

2

27.00

3024.00

6550.91

3

28.35

3175.20

6878.45

4

29.77

3333.96

7222.38

5

31.26

3500.66

7583.49

6

32.82

3675.69

7962.67

7

34.46

3859.48

8360.80

8

36.18

4052.45

8778.84

9

37.99

4255.07

9217.79

1

31.86

3568.32

7731.36

2

33.45

3746.40

8117.93

3

35.12

3933.44

8523.82

4

36.88

4130.11

8950.02

5

38.72

4336.62

9397.52

6

40.66

4553.45

9867.39

7

42.69

4781.12

10360.76

8

44.82

5020.18

10878.80

9

47.06

5271.19

11422.74

73

78

83

Monthly

Updated May 2024

City of California City
Salary Schedule
2023-2024
Class

Title

Fire

Fire Captain II

Range

Step

Hourly

Bi-Weekly

84

1

36.16

4049.92

Monthly
8774.83

2

37.97

3037.60

9213.57

3

39.87

3189.60

9674.25

4

41.86

3349.08

10157.96

5

43.96

3516.53

10665.86

6

46.15

3692.36

11199.15

7

48.46

3876.98

11759.11

8

50.89

4070.83

12347.06

9

53.43

4274.37

12964.42

Updated May 2024

City of California City
Salary Schedule
2023-2024
Class

Title

Exempt

Accountant

Exempt

Exempt

Exempt

Administrative Assistant

Associate Planner

Cannabis Program Manager

Range

Step

Hourly

Bi-Weekly

49

1

37.02

2961.60

6416.80

2

38.87

3109.68

6737.64

3

40.81

3265.16

7074.52

4

42.86

3428.42

7428.25

5

45.00

3599.84

7799.66

6

47.25

3779.84

8189.64

7

49.61

3968.83

8599.13

8

52.09

4167.27

9029.08

9

54.70

4375.63

9480.54

1

26.97

2157.60

4674.80

2

28.32

2265.48

4908.54

3

29.73

2378.75

5153.97

4

31.22

2497.69

5411.67

5

32.78

2622.58

5682.25

6

34.42

2753.71

5966.36

7

36.14

2891.39

6264.68

8

37.95

3035.96

6577.91

9

39.85

3187.76

6906.81

1

28.43

2274.40

4927.87

2

29.85

2388.12

5174.26

3

31.34

2507.53

5432.97

4

32.91

2632.90

5704.62

5

34.56

2764.55

5989.85

6

36.28

2902.77

6289.35

7

38.10

3047.91

6603.81

8

40.00

3200.31

6934.00

9

42.00

3360.32

7280.70

1

34.74

2779.20

6021.60

2

36.48

2918.16

6322.68

3

38.30

3064.07

6638.81

4

40.22

3217.27

6970.75

5

42.23

3378.13

7319.29

6

44.34

3547.04

7685.26

7

46.55

3724.39

8069.52

8

48.88

3910.61

8473.00

9

51.33

4106.14

8896.65

53

39

37

Monthly

Updated May 2024

City of California City
Salary Schedule
2023-2024
Class

Title

Exempt

Chief Water Operator

Exempt

City Clerk

Range

Step

Hourly

Bi-Weekly

81

1

47.41

3792.80

8217.73

2

49.78

3982.44

8628.62

3

52.27

4181.56

9060.05

4

54.88

4390.64

9513.05

5

57.63

4610.17

9988.71

6

60.51

4840.68

10488.14

7

63.53

5082.71

11012.55

8

66.71

5336.85

11563.18

9

70.05

5603.69

12141.33

1

37.02

2961.60

6416.80

2

38.87

3109.68

6737.64

3

40.81

3265.16

7074.52

4

42.86

3428.42

7428.25

5

45.00

3599.84

7799.66

6

47.25

3779.84

8189.64

7

49.61

3968.83

8599.13

8

52.09

4167.27

9029.08

9

54.70

4375.63

9480.54

49

Exempt

City Manager

86

1

88.94

7115.20

15416.27

Exempt

Executive Administrative Assistant

55

1

32.09

2567.20

5562.27

2

33.69

2695.56

5840.38

3

35.38

2830.34

6132.40

4

37.15

2971.85

6439.02

5

39.01

3120.45

6760.97

6

40.96

3276.47

7099.02

7

43.00

3440.29

7453.97

8

45.15

3612.31

7826.67

9

47.41

3792.92

8218.00

Updated May 2024

City of California City
Salary Schedule
2023-2024
Class

Title

Exempt

Finance Director

Exempt

Exempt

Exempt

Finance Manager

Fire Chief

Fire Marshal

Range

Step

Hourly

Bi-Weekly

60

1

50.94

4075.20

8829.60

2

53.49

4278.96

9271.08

3

56.16

4492.91

9734.63

4

58.97

4717.55

10221.37

5

61.92

4953.43

10732.43

6

65.01

5201.10

11269.06

7

68.26

5461.16

11832.51

8

71.68

5734.22

12424.13

9

75.26

6020.93

13045.34

1

47.41

3792.80

8217.73

2

49.78

3982.44

8628.62

3

52.27

4181.56

9060.05

4

54.88

4390.64

9513.05

5

57.63

4610.17

9988.71

6

60.51

4840.68

10488.14

7

63.53

5082.71

11012.55

8

66.71

5336.85

11563.18

9

70.05

5603.69

12141.33

1

50.94

4075.20

8829.60

2

53.49

4278.96

9271.08

3

56.16

4492.91

9734.63

4

58.97

4717.55

10221.37

5

61.92

4953.43

10732.43

6

65.01

5201.10

11269.06

7

68.26

5461.16

11832.51

8

71.68

5734.22

12424.13

9

75.26

6020.93

13045.34

1

44.34

3547.20

7685.60

2

46.56

3724.56

8069.88

3

48.88

3910.79

8473.37

4

51.33

4106.33

8897.04

5

53.90

4311.64

9341.89

6

56.59

4527.23

9808.99

7

59.42

4753.59

10299.44

8

62.39

4991.27

10814.41

9

65.51

5240.83

11355.13

81

60

57

Monthly

Updated May 2024

City of California City
Salary Schedule
2023-2024
Class

Title

Exempt

Housing Manager

Exempt

Exempt

Exempt

Human Resource Director

Human Resource Generalist

OHV Manager

Range

Step

Hourly

Bi-Weekly

40

1

29.13

2330.40

5049.20

2

30.59

2446.92

5301.66

3

32.12

2569.27

5566.74

4

33.72

2697.73

5845.08

5

35.41

2832.62

6137.33

6

37.18

2974.25

6444.20

7

39.04

3122.96

6766.41

8

40.99

3279.11

7104.73

9

43.04

3443.06

7459.97

1

50.94

4075.20

8829.60

2

53.49

4278.96

9271.08

3

56.16

4492.91

9734.63

4

58.97

4717.55

10221.37

60

52

53

Monthly

5

61.92

4953.43

10732.43

6

65.01

5201.10

11269.06

7

68.26

5461.16

11832.51

8

71.68

5734.22

12424.13

9

75.26

6020.93

13045.34

1

34.42

2753.60

5966.13

2

36.14

2891.28

6264.44

3

37.95

3035.84

6577.66

4

39.85

3187.64

6906.55

5

41.84

3347.02

7251.87

6

43.93

3514.37

7614.47

7

46.13

3690.09

7995.19

8

48.43

3874.59

8394.95

9

50.85

4068.32

8814.70

1

47.41

3792.80

8217.73

2

49.78

3982.40

8628.53

3

52.27

4181.60

9060.13

4

54.88

4390.68

9513.14

5

57.63

4610.21

9988.80

6

60.51

4840.72

10488.24

7

63.53

5082.76

11012.65

8

66.71

5336.90

11563.28

9

70.05

5603.74

12141.45

Updated May 2024

City of California City
Salary Schedule
2023-2024
Class

Title

Exempt

Payroll Generalist

Exempt

Exempt

Exempt

Planning Tech. Econ. Develop.

Planning/Econ Dev Admin

Police Chief

Range

Step

Hourly

Bi-Weekly

43

1

31.27

2501.60

5420.13

2

32.83

2626.68

5691.14

3

34.48

2758.01

5975.70

4

36.20

2895.91

6274.48

5

38.01

3040.71

6588.21

6

39.91

3192.75

6917.62

7

41.90

3352.38

7263.50

8

44.00

3520.00

7625.80

9

46.20

3696.00

8008.01

1

28.42

2273.60

4926.13

2

29.84

2387.28

5172.44

3

31.33

2506.64

5431.06

4

32.90

2631.98

5702.62

5

34.54

2763.58

5987.75

6

36.27

2901.75

6287.13

7

38.09

3046.84

6601.49

8

39.99

3199.18

6931.56

9

41.99

3359.14

7278.14

1

32.09

2567.20

5562.27

2

33.69

2695.56

5840.38

3

35.38

2830.34

6132.40

4

37.15

2971.85

6439.02

5

39.01

3120.45

6760.97

6

40.96

3276.47

7099.02

7

43.00

3440.29

7453.97

8

45.15

3612.31

7826.67

9

47.41

3792.92

8218.00

1

50.94

4075.20

8829.60

2

53.49

4278.96

9271.08

3

56.16

4492.91

9734.63

4

58.97

4717.55

10221.37

5

61.92

4953.43

10732.43

39

55

60

Monthly

6

65.01

5201.10

11269.06

7

68.26

5461.16

11832.51

8

71.68

5734.22

12424.13

9

75.26

6020.93

13045.34

Updated May 2024

City of California City
Salary Schedule
2023-2024
Class

Title

Exempt

Public Works Director

Exempt

Exempt

Exempt

Public Works Director (contract)

Recreation Coordinator

Park & Recreation Supervisor

Range

Step

Hourly

Bi-Weekly

56

1

50.94

4075.20

8829.60

2

53.49

4278.96

9271.08

3

56.16

4492.91

9734.63

4

58.97

4717.55

10221.37

5

61.92

4953.43

10732.43

6

65.01

5201.10

11269.06

7

68.26

5461.16

11832.51

8

71.68

5734.22

12424.13

9

75.26

6020.93

13045.34

1

45.60

3648.00

7904.00

2

47.88

3830.40

8299.20

3

50.27

4021.92

8714.16

4

52.79

4223.02

9149.87

5

55.43

4434.17

9607.36

6

58.20

4655.88

10087.73

7

61.11

4888.67

10592.12

8

64.16

5133.10

11121.72

9

67.37

5389.76

11677.81

1

24.56

1964.80

4257.07

2

25.79

2063.04

4469.92

3

27.08

2166.19

4693.42

4

28.43

2274.50

4928.09

5

29.85

2388.23

5174.49

6

31.35

2507.64

5433.22

7

32.91

2633.02

5704.88

8

34.56

2764.67

5990.12

9

36.29

2902.90

6289.63

1

26.39

2111.20

4574.27

2

27.71

2216.76

4802.98

3

29.09

2327.60

5043.13

4

30.55

2443.98

5295.29

5

32.08

2566.18

5560.05

6

33.68

2694.49

5838.05

7

35.37

2829.21

6129.95

8

37.13

2970.67

6436.45

9

38.99

3119.20

6758.28

86

33

36

Monthly

Updated May 2024

City of California City
Salary Schedule
2023-2024
Class

Title

Exempt

Senior Building Official

Exempt

Water Operator Supervisor

Range

Step

Hourly

Bi-Weekly

38

1

36.95

2956.00

6404.67

2

38.80

3103.80

6724.90

3

40.74

3258.99

7061.15

4

42.77

3421.94

7414.20

5

44.91

3593.04

7784.91

6

47.16

3772.69

8174.16

7

49.52

3961.32

8582.87

8

51.99

4159.39

9012.01

9

54.59

4367.36

9462.61

1

32.09

2567.20

5562.27

2

33.69

2695.56

5840.38

3

35.38

2830.34

6132.40

4

37.15

2971.85

6439.02

5

39.01

3120.45

6760.97

6

40.96

3276.47

7099.02

7

43.00

3440.29

7453.97

8

45.15

3612.31

7826.67

9

47.41

3792.92

8218.00

55

Monthly

Updated May 2024

City of California City
Salary Schedule
2023-2024
Class

Title

PART TIME Airport Maintenance (P/T)

Animal Control Officer

Cannabis Tax Administration

Clerk Typist

Code Enforcement Officer

Crime Analyst

Range

Step

Hourly

Bi-Weekly

18

1

0.00

0.00

0.00

2

0.00

0.00

0.00

3

0.00

0.00

0.00

4

0.00

0.00

0.00

23

70

15

34

75

Monthly

5

0.00

0.00

0.00

6

16.00

1280.00

2773.33

1

0.00

0.00

0.00

2

0.00

0.00

0.00

3

16.14

1291.20

2797.60

4

22.28

1782.40

3861.87

5

23.40

1872.00

4056.00

6

24.56

1964.80

4257.07

1

20.00

1600.00

3466.67

2

21.00

1680.00

3640.00

3

22.05

1764.00

3822.00

4

23.15

1852.20

4013.10

5

24.31

1944.81

4213.76

6

25.53

2042.05

4424.45

1

0.00

0.00

0.00

2

0.00

0.00

0.00

3

0.00

0.00

0.00

4

0.00

0.00

0.00

5

0.00

0.00

0.00

6

16.00

1280.00

2773.33

1

19.12

1529.60

3314.13

2

20.08

1606.08

3479.84

3

21.08

1686.38

3653.83

4

22.13

1770.70

3836.52

5

23.24

1859.24

4028.35

6

24.40

1952.20

4229.77

1

35.00

2800.00

6066.67

2

36.75

2940.00

6370.00

3

38.59

3087.00

6688.50

4

40.52

3241.35

7022.93

5

42.54

3403.42

7374.07

6

44.67

3573.59

7742.77

Updated May 2024

City of California City
Salary Schedule
2023-2024
Title
DAR Dispatcher - On Call

Equipment Operator

Finance Director (Part Time)

General Service Wkr (Temp)

Golf Attendent

GSW/Kennel Worker

Range

Step

Hourly

Bi-Weekly

15

1

0.00

0.00

0.00

2

0.00

0.00

0.00

3

0.00

0.00

0.00

4

0.00

0.00

0.00

24

82

14

14

14

Monthly

5

0.00

0.00

0.00

6

16.68

1334.40

2891.20

1

0.00

0.00

0.00

2

0.00

0.00

0.00

3

0.00

0.00

0.00

4

0.00

0.00

0.00

5

16.37

1309.60

2837.47

6

17.19

1375.08

2979.34

1

46.20

3696.00

8008.00

2

48.51

3880.80

8408.40

3

50.94

4074.84

8828.82

4

53.48

4278.58

9270.26

5

56.16

4492.51

9733.77

6

58.96

4717.14

10220.46

1

0.00

0.00

0.00

2

0.00

0.00

0.00

3

0.00

0.00

0.00

4

0.00

0.00

0.00

5

0.00

0.00

0.00

6

16.30

1304.00

2825.33

1

0.00

0.00

0.00

2

0.00

0.00

0.00

3

0.00

0.00

0.00

4

0.00

0.00

0.00

5

0.00

0.00

0.00

6

16.30

1304.00

2825.33

1

0.00

0.00

0.00

2

0.00

0.00

0.00

3

0.00

0.00

0.00

4

0.00

0.00

0.00

5

0.00

0.00

0.00

6

16.00

1280.00

2773.33

Updated May 2024

City of California City
Salary Schedule
2023-2024
Title
Groundskeeper (Temp)

Deputy City Clerk

Imaging Technician

Lifeguard

Lifeguard/Instructor

Part Time Firefighter

Range

Step

Hourly

Bi-Weekly

12

1

0.00

0.00

0.00

2

0.00

0.00

0.00

3

0.00

0.00

0.00

4

0.00

0.00

0.00

52

10

15

17

73

Monthly

5

0.00

0.00

0.00

6

16.00

1280.00

2773.33

1

19.12

1529.60

3314.11

2

20.08

1606.08

3479.82

3

21.08

1686.38

3653.81

4

22.13

1770.70

3836.50

5

23.24

1859.24

4028.32

6

24.40

1952.20

4229.74

1

0.00

0.00

0.00

2

0.00

0.00

0.00

3

0.00

0.00

0.00

4

0.00

0.00

0.00

5

0.00

0.00

0.00

6

16.00

1280.00

2773.33

1

0.00

0.00

0.00

2

0.00

0.00

0.00

3

0.00

0.00

0.00

4

0.00

0.00

0.00

5

0.00

0.00

0.00

6

16.00

1280.00

2773.33

1

0.00

0.00

0.00

2

0.00

0.00

0.00

3

0.00

0.00

0.00

4

0.00

0.00

0.00

5

0.00

0.00

0.00

6

18.00

1440.00

3120.00

1

0.00

0.00

0.00

2

0.00

0.00

0.00

3

16.22

1816.64

2811.47

4

17.03

1907.47

2952.04

5

17.88

2002.85

3099.64

6

18.78

2102.99

3254.62

Updated May 2024

City of California City
Salary Schedule
2023-2024
Title
P/D Administrative Aide (P/T)

Police Cadet

Police Clerk/Dispatcher

General Service Worker/ Park Ai

OHV Clerk Typist

Police Sergeant

Range

Step

Hourly

Bi-Weekly

70

1

20.00

1600.00

3466.67

2

21.00

1680.00

3640.00

3

22.05

1764.00

3822.00

4

23.15

1852.20

4013.10

5

24.31

1944.81

4213.76

6

25.53

2042.05

4424.45

1

0.00

0.00

0.00

2

0.00

0.00

0.00

3

0.00

0.00

0.00

4

0.00

0.00

0.00

5

0.00

0.00

0.00

6

16.00

1280.00

2773.33

1

0.00

0.00

0.00

2

0.00

0.00

0.00

3

0.00

0.00

0.00

4

16.51

1320.80

2861.73

5

17.34

1386.84

3004.82

6

18.20

1456.18

3155.06

1

0.00

0.00

0.00

2

0.00

0.00

0.00

3

0.00

0.00

0.00

4

0.00

0.00

0.00

10

20

10

19

75

Monthly

5

0.00

0.00

0.00

6

16.00

1280.00

2773.33

1

0.00

0.00

0.00

2

16.61

1328.80

2879.07

3

17.44

1395.24

3023.02

4

18.31

1465.00

3174.17

5

19.23

1538.25

3332.88

6

20.19

1615.16

3499.52

1

38.51

3080.80

6675.07

2

40.44

3234.84

7008.82

3

42.46

3396.58

7359.26

4

44.58

3566.41

7727.22

5

46.81

3744.73

8113.59

6

49.15

3931.97

8519.26

Updated May 2024

City of California City
Salary Schedule
2023-2024
Title
Pool Supervisor

PT Maintenance Worker I

Recreation Aide/Cashier

Senior Lifeguard

Golf Course Manager

Range

Step

Hourly

Bi-Weekly

29

1

17.10

1368.00

2964.00

2

17.96

1436.40

3112.20

3

18.85

1508.22

3267.81

4

19.80

1583.63

3431.20

5

20.79

1662.81

3602.76

6

21.82

1745.95

3782.90

1

17.47

1397.60

3028.13

2

18.34

1467.48

3179.54

3

19.26

1540.85

3338.52

4

20.22

1617.90

3505.44

5

21.23

1698.79

3680.71

6

22.30

1783.73

3864.75

1

0.00

0.00

0.00

2

0.00

0.00

0.00

3

0.00

0.00

0.00

4

0.00

0.00

0.00

5

0.00

0.00

0.00

6

16.00

1280.00

2773.33

1

0.00

0.00

0.00

2

0.00

0.00

0.00

3

0.00

0.00

0.00

4

0.00

0.00

0.00

23

5

17

36

Monthly

5

0.00

0.00

0.00

6

16.29

1303.20

2823.60

1

26.39

2111.2

4574.27

2

27.71

2216.8

4803.07

3

29.09

2327.2

5042.27

4

30.55

2444

5295.33

5

32.08

2566.4

5560.53

6

33.68

2694.4

5837.87

Updated May 2024
